Teff log(g) y
3750.0 5.0 1.079900048673153
4000.0 5.0 1.1679999846965075
4250.0 5.0 1.2426000172272325
4500.0 5.0 1.2713999717961997
4750.0 5.0 1.2954000155441463
5000.0 5.0 1.2411000109277666
5250.0 5.0 1.1194999592844397
5500.0 5.0 1.0592999833170325
5750.0 5.0 1.009599991608411
6000.0 5.0 0.9697000002488494
6250.0 5.0 0.9380999989807606
6500.0 5.0 0.9082999951206148
7000.0 5.0 0.8891999833285809
7500.0 5.0 0.8673000130802393
8000.0 5.0 0.8346000146120787
8500.0 5.0 0.7712000086903572
9000.0 5.0 0.6227000299841166
9500.0 5.0 0.5106999799609184
10000.0 5.0 0.46480000391602516
10500.0 5.0 0.4437000066973269
11000.0 5.0 0.42630001017823815
11500.0 5.0 0.40770000754855573
12000.0 5.0 0.3977000033482909
12500.0 5.0 0.39249999821186066
13000.0 5.0 0.3866999864112586
13500.0 5.0 0.38279999839141965
14000.0 5.0 0.379299990599975
14500.0 5.0 0.3762000061105937
15000.0 5.0 0.37379999877884984
15500.0 5.0 0.37229999830015004
16000.0 5.0 0.3707000077702105
16500.0 5.0 0.3700000108219683
17000.0 5.0 0.37070000474341214
20000.0 5.0 0.37939998880028725
25000.0 5.0 0.4194000121206045
30000.0 5.0 0.45509999617934227
35000.0 5.0 0.38999999687075615
40000.0 5.0 0.28810000233352184
45000.0 5.0 0.2433999963104725
50000.0 5.0 0.22180000692605972
55000.0 5.0 0.20759999752044678
60000.0 5.0 0.19850000366568565
3750.0 5.25 1.0404999926686287
4000.0 5.25 1.136899996548891
4250.0 5.25 1.218900010921061
4500.0 5.25 1.2544999847887084
4750.0 5.25 1.2942000445909798
5000.0 5.25 1.2458999790251255
5250.0 5.25 1.119399998569861
5500.0 5.25 1.059100022772327
5750.0 5.25 1.0083000205922872
6000.0 5.25 0.9679999961517751
6250.0 5.25 0.9353000242263079
6500.0 5.25 0.9026999990455806
7000.0 5.25 0.8814999889582396
7500.0 5.25 0.8600000096485019
8000.0 5.25 0.8325999937951565
8500.0 5.25 0.779699994251132
9000.0 5.25 0.6601999904960394
9500.0 5.25 0.5328000141307712
10000.0 5.25 0.46510000759735703
10500.0 5.25 0.44919998897239566
11000.0 5.25 0.4246999993920326
11500.0 5.25 0.40909998724237084
12000.0 5.25 0.39970000367611647
12500.0 5.25 0.39200001396238804
13000.0 5.25 0.38660000218078494
13500.0 5.25 0.38240000093355775
14000.0 5.25 0.378800006583333
14500.0 5.25 0.3759999955072999
15000.0 5.25 0.37370000476948917
15500.0 5.25 0.37209999770857394
16000.0 5.25 0.37100000074133277
16500.0 5.25 0.3698000004515052
17000.0 5.25 0.37080000760033727
20000.0 5.25 0.37900001113303006
25000.0 5.25 0.4174999902024865
30000.0 5.25 0.45479998737573624
35000.0 5.25 0.39219999872148037
40000.0 5.25 0.2902999948710203
45000.0 5.25 0.244400005787611
50000.0 5.25 0.22200000286102295
55000.0 5.25 0.20670000277459621
60000.0 5.25 0.1973000057041645
3750.0 5.5 0.9939000122249126
4000.0 5.5 1.1034999657422304
4250.0 5.5 1.1940000439062715
4500.0 5.5 1.2373999676201493
4750.0 5.5 1.2927000233903527
5000.0 5.5 1.2507999668596312
5250.0 5.5 1.1187000576173887
5500.0 5.5 1.0592000090982765
5750.0 5.5 1.0071999799693003
6000.0 5.5 0.9657999947667122
6250.0 5.5 0.9324999894015491
6500.0 5.5 0.8975999834947288
7000.0 5.5 0.8742000190541148
7500.0 5.5 0.8522000256925821
8000.0 5.5 0.8281999751925468
8500.0 5.5 0.7863999903202057
9000.0 5.5 0.700199986808002
9500.0 5.5 0.5577000128105283
10000.0 5.5 0.45979999005794525
10500.0 5.5 0.44379999302327633
11000.0 5.5 0.42619998659938574
11500.0 5.5 0.4098000037483871
12000.0 5.5 0.39899998996406794
12500.0 5.5 0.3920000004582107
13000.0 5.5 0.3858000049367547
13500.0 5.5 0.38119999365881085
14000.0 5.5 0.3785999994724989
14500.0 5.5 0.3758000019006431
15000.0 5.5 0.3737000012770295
15500.0 5.5 0.37230001064017415
16000.0 5.5 0.3707000035792589
16500.0 5.5 0.37000000989064574
17000.0 5.5 0.37090001348406076
20000.0 5.5 0.3788999973330647
25000.0 5.5 0.41650000553636346
30000.0 5.5 0.4545999919064343
35000.0 5.5 0.39339999109506607
40000.0 5.5 0.2919000033289194
45000.0 5.5 0.24549999739974737
50000.0 5.5 0.22220000438392162
55000.0 5.5 0.2070000022649765
60000.0 5.5 0.1980999931693077
3750.0 5.75 0.9542999714612961
4000.0 5.75 1.0717999637126923
4250.0 5.75 1.1696000406518579
4500.0 5.75 1.2191000562161207
4750.0 5.75 1.290400005527772
5000.0 5.75 1.2541999907698482
5250.0 5.75 1.115500009560492
5500.0 5.75 1.0595000287867151
5750.0 5.75 1.0070000358682591
6000.0 5.75 0.9629999866010621
6250.0 5.75 0.9292000010609627
6500.0 5.75 0.8931999816559255
7000.0 5.75 0.8674999866634607
7500.0 5.75 0.8439999930560589
8000.0 5.75 0.8223000001162291
8500.0 5.75 0.7880999837070704
9000.0 5.75 0.719199987128377
9500.0 5.75 0.5867000273428857
10000.0 5.75 0.4769000019878149
10500.0 5.75 0.4359999895095825
11000.0 5.75 0.42750000348314643
11500.0 5.75 0.4106999970972538
12000.0 5.75 0.398100009188056
12500.0 5.75 0.3903999896720052
13000.0 5.75 0.38550000451505184
13500.0 5.75 0.38150000013411045
14000.0 5.75 0.3782000089995563
14500.0 5.75 0.37560001481324434
15000.0 5.75 0.3736000140197575
15500.0 5.75 0.3719000034034252
16000.0 5.75 0.3708000029437244
16500.0 5.75 0.3701999965123832
17000.0 5.75 0.3706999933347106
20000.0 5.75 0.37899999017827213
25000.0 5.75 0.4158999912906438
30000.0 5.75 0.4538999937940389
35000.0 5.75 0.39309998974204063
40000.0 5.75 0.2923999931663275
45000.0 5.75 0.2454999927431345
50000.0 5.75 0.22180000692605972
55000.0 5.75 0.206599997356534
60000.0 5.75 0.2016000021249056
3750.0 6.0 0.913499977439642
4000.0 6.0 1.0384000185877085
4250.0 6.0 1.1424999479204416
4500.0 6.0 1.198899945244193
4750.0 6.0 1.2867000102996826
5000.0 6.0 1.258800011826679
5250.0 6.0 1.113800038350746
5500.0 6.0 1.057999988202937
5750.0 6.0 1.006400041951565
6000.0 6.0 0.961500022225664
6250.0 6.0 0.9259000291349366
6500.0 6.0 0.8881999826990068
7000.0 6.0 0.861100026872009
7500.0 6.0 0.8360000252723694
8000.0 6.0 0.8152000028640032
8500.0 6.0 0.7867000196129084
9000.0 6.0 0.7319000121206045
9500.0 6.0 0.6310999756678939
10000.0 6.0 0.4983999915421009
10500.0 6.0 0.42450001277029514
11000.0 6.0 0.4236999982967973
11500.0 6.0 0.41110001411288977
12000.0 6.0 0.3986000092700124
12500.0 6.0 0.3905000062659383
13000.0 6.0 0.3849000073969364
13500.0 6.0 0.38079998968169093
14000.0 6.0 0.3776999884285033
14500.0 6.0 0.37529999762773514
15000.0 6.0 0.3732999968342483
15500.0 6.0 0.3717000032775104
16000.0 6.0 0.3706999896094203
16500.0 6.0 0.36989999283105135
17000.0 6.0 0.37050000624731183
20000.0 6.0 0.37900000298395753
25000.0 6.0 0.4154000037815422
30000.0 6.0 0.4526999890804291
35000.0 6.0 0.39190001459792256
40000.0 6.0 0.29220000840723515
45000.0 6.0 0.24479998834431171
50000.0 6.0 0.22279999405145645
55000.0 6.0 0.21520000137388706
60000.0 6.0 0.2202000068500638
3750.0 6.25 0.8745999857783318
4000.0 6.25 1.0048999823629856
4250.0 6.25 1.1145000290125608
4500.0 6.25 1.1781999934464693
4750.0 6.25 1.2848999727284536
5000.0 6.25 1.2616999726742506
5250.0 6.25 1.1089000159408897
5500.0 6.25 1.0579999414039776
5750.0 6.25 1.0059999621007591
6000.0 6.25 0.9601999815786257
6250.0 6.25 0.9230999780629645
6500.0 6.25 0.8834999836981297
7000.0 6.25 0.8553000241518021
7500.0 6.25 0.8289000289514661
8000.0 6.25 0.8078999994322658
8500.0 6.25 0.7830999810248613
9000.0 6.25 0.7389000151306391
9500.0 6.25 0.6589999943971634
10000.0 6.25 0.5294000039575621
10500.0 6.25 0.4350000023841858
11000.0 6.25 0.4114999929443002
11500.0 6.25 0.41099998727440834
12000.0 6.25 0.39929999597370625
12500.0 6.25 0.3903000093996525
13000.0 6.25 0.38420001324266195
13500.0 6.25 0.38000000920146704
14000.0 6.25 0.3769999947398901
14500.0 6.25 0.3748000073246658
15000.0 6.25 0.37299999687820673
15500.0 6.25 0.37149998964741826
16000.0 6.25 0.37050000578165054
16500.0 6.25 0.3699000123888254
17000.0 6.25 0.37050000904127955
20000.0 6.25 0.37909998930990696
25000.0 6.25 0.41509999334812164
30000.0 6.25 0.45130000775679946
35000.0 6.25 0.3901000099722296
40000.0 6.25 0.29130000760778785
45000.0 6.25 0.24639999866485596
50000.0 6.25 0.22600000444799662
55000.0 6.25 0.2100000036880374
60000.0 6.25 0.1955000003799796
3750.0 6.5 0.8406000211834908
4000.0 6.5 0.9723999910056591
4250.0 6.5 1.085300013422966
4500.0 6.5 1.1559999976307154
4750.0 6.5 1.2806000334676355
5000.0 6.5 1.2667999872937799
5250.0 6.5 1.1055000540800393
5500.0 6.5 1.0540000321343541
5750.0 6.5 1.0058000013232231
6000.0 6.5 0.9596999711357057
6250.0 6.5 0.9209999835584313
6500.0 6.5 0.87939999828086
7000.0 6.5 0.8496999784838408
7500.0 6.5 0.8214999991469085
8000.0 6.5 0.8007000125944614
8500.0 6.5 0.7777999863028526
9000.0 6.5 0.7421000134199858
9500.0 6.5 0.676199970766902
10000.0 6.5 0.572500002104789
10500.0 6.5 0.45700000785291195
11000.0 6.5 0.39900001138448715
11500.0 6.5 0.4040999934077263
12000.0 6.5 0.39959999546408653
12500.0 6.5 0.3904000027105212
13000.0 6.5 0.38380001299083233
13500.0 6.5 0.3790999986231327
14000.0 6.5 0.3762000007554889
14500.0 6.5 0.3741999864578247
15000.0 6.5 0.37249999307096004
15500.0 6.5 0.3711999892257154
16000.0 6.5 0.3704000087454915
16500.0 6.5 0.36969998572021723
17000.0 6.5 0.3704999857582152
20000.0 6.5 0.37919999239966273
25000.0 6.5 0.4149999897927046
30000.0 6.5 0.4498000000603497
35000.0 6.5 0.38779998873360455
40000.0 6.5 0.2898999899625778
45000.0 6.5 0.24490000726655126
50000.0 6.5 0.2218999993056059
55000.0 6.5 0.20580000430345535
60000.0 6.5 0.19429999589920044
3750.0 6.75 0.811399981379509
4000.0 6.75 0.9409000240266323
4250.0 6.75 1.0553999841213226
4500.0 6.75 1.1334999687969685
4750.0 6.75 1.2758999946527183
5000.0 6.75 1.2675999542698264
5250.0 6.75 1.1009000088088214
5500.0 6.75 1.0529999751597643
5750.0 6.75 1.0049999577458948
6000.0 6.75 0.9587999871000648
6250.0 6.75 0.9185999722685665
6500.0 6.75 0.8753000295255333
7000.0 6.75 0.8440000255359337
7500.0 6.75 0.8148000258952379
8000.0 6.75 0.7932999832555652
8500.0 6.75 0.7719000093638897
9000.0 6.75 0.7419999931007624
9500.0 6.75 0.6878000190481544
10000.0 6.75 0.6051000254228711
10500.0 6.75 0.4900999879464507
11000.0 6.75 0.405299985781312
11500.0 6.75 0.3878000061959028
12000.0 6.75 0.39679999463260174
12500.0 6.75 0.3904999988153577
13000.0 6.75 0.38359998632222414
13500.0 6.75 0.37859999760985374
14000.0 6.75 0.37529999017715454
14500.0 6.75 0.37339999340474606
15000.0 6.75 0.37199998926371336
15500.0 6.75 0.3708999892696738
16000.0 6.75 0.3700999952852726
16500.0 6.75 0.3695999886840582
17000.0 6.75 0.3704999922774732
20000.0 6.75 0.3793999860063195
25000.0 6.75 0.4149999893270433
30000.0 6.75 0.44820001209154725
35000.0 6.75 0.3851000104477862
40000.0 6.75 0.288300002226606
45000.0 6.75 0.2436999944038689
50000.0 6.75 0.22190000396221876
55000.0 6.75 0.20230000279843807
60000.0 6.75 0.18499999679625034
3750.0 7.0 0.7867000177502632
4000.0 7.0 0.9107999950647354
4250.0 7.0 1.0248999763280153
4500.0 7.0 1.1098999790847301
4750.0 7.0 1.2678999844938517
5000.0 7.0 1.2686999677680433
5250.0 7.0 1.0994999716058373
5500.0 7.0 1.049899959936738
5750.0 7.0 1.0025999727658927
6000.0 7.0 0.9578999863006175
6250.0 7.0 0.9174000245984644
6500.0 7.0 0.8720000146422535
7000.0 7.0 0.8389999768114649
7500.0 7.0 0.807799986563623
8000.0 7.0 0.785899986512959
8500.0 7.0 0.765699990093708
9000.0 7.0 0.7391000017523766
9500.0 7.0 0.694999978877604
10000.0 7.0 0.6239999840036035
10500.0 7.0 0.5312999892048538
11000.0 7.0 0.42930000834167004
11500.0 7.0 0.37490000762045383
12000.0 7.0 0.38400000520050526
12500.0 7.0 0.3893999923020601
13000.0 7.0 0.38309998996555805
13500.0 7.0 0.3776999907568097
14000.0 7.0 0.3751999968662858
14500.0 7.0 0.37290000542998314
15000.0 7.0 0.3709999956190586
15500.0 7.0 0.3700999980792403
16000.0 7.0 0.3695000084117055
16500.0 7.0 0.3691999912261963
17000.0 7.0 0.37039998546242714
20000.0 7.0 0.37930000899359584
25000.0 7.0 0.41489999229088426
30000.0 7.0 0.44629999436438084
35000.0 7.0 0.38209998910315335
40000.0 7.0 0.286400014301762
45000.0 7.0 0.24190000677481294
50000.0 7.0 0.21670000022277236
55000.0 7.0 0.19829999655485153
60000.0 7.0 0.1919000018388033
3750.0 7.25 0.768500030040741
4000.0 7.25 0.8832000121474266
4250.0 7.25 0.9945000261068344
4500.0 7.25 1.0845000315457582
4750.0 7.25 1.2575000366196036
5000.0 7.25 1.2700999649241567
5250.0 7.25 1.0978000331670046
5500.0 7.25 1.046799945179373
5750.0 7.25 1.000900011509657
6000.0 7.25 0.9567999788559973
6250.0 7.25 0.9159999839030206
6500.0 7.25 0.8691000065300614
7000.0 7.25 0.834199994453229
7500.0 7.25 0.8008000063709915
8000.0 7.25 0.7777999863028526
8500.0 7.25 0.7589000007137656
9000.0 7.25 0.7359000034630299
9500.0 7.25 0.6987000061199069
10000.0 7.25 0.6375000290572643
10500.0 7.25 0.5600000210106373
11000.0 7.25 0.4661000119522214
11500.0 7.25 0.3862000051885843
12000.0 7.25 0.3636000007390976
12500.0 7.25 0.38039999455213547
13000.0 7.25 0.38300000317394733
13500.0 7.25 0.37779998779296875
14000.0 7.25 0.3744000066071749
14500.0 7.25 0.3718999857082963
15000.0 7.25 0.36950000189244747
15500.0 7.25 0.3693000078201294
16000.0 7.25 0.3688000049442053
16500.0 7.25 0.3686000043526292
17000.0 7.25 0.3702999921515584
20000.0 7.25 0.3792999889701605
25000.0 7.25 0.4148999988101423
30000.0 7.25 0.44469999708235264
35000.0 7.25 0.378900010837242
40000.0 7.25 0.2845000133384019
45000.0 7.25 0.2394999973475933
50000.0 7.25 0.21480000717565417
55000.0 7.25 0.2012000009417534
60000.0 7.25 0.1946999989449978
3750.0 7.5 0.7542000077664852
4000.0 7.5 0.8579000122845173
4250.0 7.5 0.9645999819040298
4500.0 7.5 1.0582000203430653
4750.0 7.5 1.2455999944359064
5000.0 7.5 1.2695999704301357
5250.0 7.5 1.0967000564560294
5500.0 7.5 1.0450999410822988
5750.0 7.5 0.9981999704614282
6000.0 7.5 0.9554000245407224
6250.0 7.5 0.9152000094763935
6500.0 7.5 0.8660000246018171
7000.0 7.5 0.8295999856200069
7500.0 7.5 0.7943999969866127
8000.0 7.5 0.7705999994650483
8500.0 7.5 0.7520000040531158
9000.0 7.5 0.7305999975651503
9500.0 7.5 0.6996999960392714
10000.0 7.5 0.648299970664084
10500.0 7.5 0.577900028321892
11000.0 7.5 0.5032000247156247
11500.0 7.5 0.4165999935939908
12000.0 7.5 0.3575000111013651
12500.0 7.5 0.3602000046521425
13000.0 7.5 0.3767999866977334
13500.0 7.5 0.37790000438690186
14000.0 7.5 0.3735999893397093
14500.0 7.5 0.3690000046044588
15000.0 7.5 0.3701999979093671
15500.0 7.5 0.3705999981611967
16000.0 7.5 0.3682000143453479
16500.0 7.5 0.36800000071525574
17000.0 7.5 0.3702000118792057
20000.0 7.5 0.37939998507499695
25000.0 7.5 0.4152000090107322
30000.0 7.5 0.4428000124171376
35000.0 7.5 0.3756000027060509
40000.0 7.5 0.2825000123702921
45000.0 7.5 0.2381000048480928
50000.0 7.5 0.2140999948605895
55000.0 7.5 0.1973999929614365
60000.0 7.5 0.18589999387040734
3750.0 7.75 0.7472000010311604
4000.0 7.75 0.8356999978423119
4250.0 7.75 0.9353000111877918
4500.0 7.75 1.0310999974608421
4750.0 7.75 1.2315999455749989
5000.0 7.75 1.266299955546856
5250.0 7.75 1.095300012268126
5500.0 7.75 1.0455000437796116
5750.0 7.75 0.9967000093311071
6000.0 7.75 0.9531999798491597
6250.0 7.75 0.9134000050835311
6500.0 7.75 0.8631999902427197
7000.0 7.75 0.8251999935600907
7500.0 7.75 0.7881999875971815
8000.0 7.75 0.763400002848357
8500.0 7.75 0.7442000270821154
9000.0 7.75 0.724899984896183
9500.0 7.75 0.6987000219523907
10000.0 7.75 0.6552999895066023
10500.0 7.75 0.5925000179558992
11000.0 7.75 0.5250000038649887
11500.0 7.75 0.45570000214502215
12000.0 7.75 0.3800000138580799
12500.0 7.75 0.3422999884933233
13000.0 7.75 0.35830000787973404
13500.0 7.75 0.37319998536258936
14000.0 7.75 0.37399999611079693
14500.0 7.75 0.3712000083178282
15000.0 7.75 0.36839999724179506
15500.0 7.75 0.36760000698268414
16000.0 7.75 0.3686999939382076
16500.0 7.75 0.36730001028627157
17000.0 7.75 0.36979999765753746
20000.0 7.75 0.3795000119134784
25000.0 7.75 0.41559999249875546
30000.0 7.75 0.44110000133514404
35000.0 7.75 0.37209999468177557
40000.0 7.75 0.2804000113537768
45000.0 7.75 0.23569999868050218
50000.0 7.75 0.2108000018633902
55000.0 7.75 0.19770000409334898
60000.0 7.75 0.19480000343173742
3750.0 8.0 0.7334999777376652
4000.0 8.0 0.812600027769804
4250.0 8.0 0.906899981200695
4500.0 8.0 1.003599999472499
4750.0 8.0 1.21640002168715
5000.0 8.0 1.2611999502405524
5250.0 8.0 1.0932000242173672
5500.0 8.0 1.0464000068604946
5750.0 8.0 0.9958999818190932
6000.0 8.0 0.9510999955236912
6250.0 8.0 0.9114000108093023
6500.0 8.0 0.8607000154443085
7000.0 8.0 0.8213000246323645
7500.0 8.0 0.7823000113712624
8000.0 8.0 0.7560999731067568
8500.0 8.0 0.7366000236943364
9000.0 8.0 0.7185999751091003
9500.0 8.0 0.6959000211209059
10000.0 8.0 0.6599000040441751
10500.0 8.0 0.6041000122204423
11000.0 8.0 0.5400000168010592
11500.0 8.0 0.48320000043167965
12000.0 8.0 0.4177999924868345
12500.0 8.0 0.35399998538196087
13000.0 8.0 0.3360999934375286
13500.0 8.0 0.3562999963760376
14000.0 8.0 0.36890000384300947
14500.0 8.0 0.3712999951094389
15000.0 8.0 0.3666999936103821
15500.0 8.0 0.36589999310672283
16000.0 8.0 0.3695000112056732
16500.0 8.0 0.3677000105381012
17000.0 8.0 0.3694999981671572
20000.0 8.0 0.3795000081881881
25000.0 8.0 0.415800005197525
30000.0 8.0 0.43900000397115946
35000.0 8.0 0.36849998659454286
40000.0 8.0 0.2781999971339246
45000.0 8.0 0.23429999640211463
50000.0 8.0 0.21010000281967223
55000.0 8.0 0.19699999992735684
60000.0 8.0 0.1885999944061041
3750.0 8.25 0.7275000028312206
4000.0 8.25 0.7939000129699707
4250.0 8.25 0.8795000165700912
4500.0 8.25 0.9766999911516905
4750.0 8.25 1.1996999513357878
5000.0 8.25 1.2532000066712499
5250.0 8.25 1.0895999930799007
5500.0 8.25 1.0470999544486403
5750.0 8.25 0.9968000147491693
6000.0 8.25 0.9499999973922968
6250.0 8.25 0.9094000263139606
6500.0 8.25 0.8584999712184072
7000.0 8.25 0.8177000293508172
7500.0 8.25 0.7765999822877347
8000.0 8.25 0.7489000030618627
8500.0 8.25 0.7283000070601702
9000.0 8.25 0.7114999955520034
9500.0 8.25 0.6915999921038747
10000.0 8.25 0.6614999817684293
10500.0 8.25 0.6140999738126993
11000.0 8.25 0.5537000191397965
11500.0 8.25 0.4989000135101378
12000.0 8.25 0.4510999971535057
12500.0 8.25 0.3891000058501959
13000.0 8.25 0.33650001138448715
13500.0 8.25 0.33149999007582664
14000.0 8.25 0.35349998995661736
14500.0 8.25 0.3663999857380986
15000.0 8.25 0.3677999936044216
15500.0 8.25 0.36480000894516706
16000.0 8.25 0.3650999888777733
16500.0 8.25 0.37099999841302633
17000.0 8.25 0.3695000046864152
20000.0 8.25 0.379499988630414
25000.0 8.25 0.41600000485777855
30000.0 8.25 0.4369999933987856
35000.0 8.25 0.36469999165274203
40000.0 8.25 0.27590001275530085
45000.0 8.25 0.232300000381656
50000.0 8.25 0.20780000556260347
55000.0 8.25 0.193900004029274
60000.0 8.25 0.18369999714195728
3750.0 8.5 0.7242000065743923
4000.0 8.5 0.7766000106930733
4250.0 8.5 0.8535000048577785
4500.0 8.5 0.9495000261813402
4750.0 8.5 1.1802999433130026
5000.0 8.5 1.24400001950562
5250.0 8.5 1.0856999978423119
5500.0 8.5 1.047300023958087
5750.0 8.5 0.9989999728277326
6000.0 8.5 0.9504999909549952
6250.0 8.5 0.9075000146403909
6500.0 8.5 0.8556999731808901
7000.0 8.5 0.81390001764521
7500.0 8.5 0.7713000294752419
8000.0 8.5 0.7417000230634585
8500.0 8.5 0.7203000232111663
9000.0 8.5 0.7040000185370445
9500.0 8.5 0.6861999863758683
10000.0 8.5 0.6612000279128551
10500.0 8.5 0.6213999995961785
11000.0 8.5 0.5663000177592039
11500.0 8.5 0.5119000023696572
12000.0 8.5 0.46889999811537564
12500.0 8.5 0.42630000971257687
13000.0 8.5 0.3683999925851822
13500.0 8.5 0.3252999968826771
14000.0 8.5 0.3276999853551388
14500.0 8.5 0.35010000318288803
15000.0 8.5 0.364199991337955
15500.0 8.5 0.3675999930128455
16000.0 8.5 0.36600001249462366
16500.0 8.5 0.36440001241862774
17000.0 8.5 0.3675000136718154
20000.0 8.5 0.3799999915063381
25000.0 8.5 0.41620000544935465
30000.0 8.5 0.4349000118672848
35000.0 8.5 0.36070000985637307
40000.0 8.5 0.2737000018823892
45000.0 8.5 0.2294000058900565
50000.0 8.5 0.20489999442361295
55000.0 8.5 0.19509999779984355
60000.0 8.5 0.19070000108331442
3750.0 8.75 0.7196999900043011
4000.0 8.75 0.7602999955415726
4250.0 8.75 0.8284999914467335
4500.0 8.75 0.9225999750196934
4750.0 8.75 1.1616000551730394
5000.0 8.75 1.2340000215917826
5250.0 8.75 1.079200031235814
5500.0 8.75 1.0459999470040202
5750.0 8.75 1.000999973155558
6000.0 8.75 0.9520999947562814
6250.0 8.75 0.907200020737946
6500.0 8.75 0.8536999877542257
7000.0 8.75 0.8105000220239162
7500.0 8.75 0.7658999837003648
8000.0 8.75 0.7347000099252909
8500.0 8.75 0.7130999767687172
9000.0 8.75 0.6958000180311501
9500.0 8.75 0.6789000071585178
10000.0 8.75 0.6590000065043569
10500.0 8.75 0.6268000183627009
11000.0 8.75 0.5777999889105558
11500.0 8.75 0.5243999939411879
12000.0 8.75 0.4813000065041706
12500.0 8.75 0.446699985768646
13000.0 8.75 0.40739999152719975
13500.0 8.75 0.3541000075638294
14000.0 8.75 0.3180000111460686
14500.0 8.75 0.324499998241663
15000.0 8.75 0.34549998864531517
15500.0 8.75 0.3588999854400754
16000.0 8.75 0.36220000497996807
16500.0 8.75 0.3619999950751662
17000.0 8.75 0.3684000140056014
20000.0 8.75 0.38069999869912863
25000.0 8.75 0.4161000056192279
30000.0 8.75 0.4324000012129545
35000.0 8.75 0.35659999842755497
40000.0 8.75 0.2712999910581857
45000.0 8.75 0.22740000009071082
50000.0 8.75 0.20350000029429793
55000.0 8.75 0.1925999983213842
60000.0 8.75 0.18299999553710222
3750.0 9.0 0.7225000113248825
4000.0 9.0 0.747400026768446
4250.0 9.0 0.8047999776899815
4500.0 9.0 0.8979999832808971
4750.0 9.0 1.141399947926402
5000.0 9.0 1.220400022342801
5250.0 9.0 1.0708999717608094
5500.0 9.0 1.0434999791905284
5750.0 9.0 1.0027999840676785
6000.0 9.0 0.9551000250503421
6250.0 9.0 0.9081999780610204
6500.0 9.0 0.8519000103697181
7000.0 9.0 0.8074999740347266
7500.0 9.0 0.7607000041753054
8000.0 9.0 0.7279999703168869
8500.0 9.0 0.7049000029801391
9000.0 9.0 0.6869000210426748
9500.0 9.0 0.6720000002533197
10000.0 9.0 0.6552999755367637
10500.0 9.0 0.6288999821990728
11000.0 9.0 0.5872999764978886
11500.0 9.0 0.5361000220291317
12000.0 9.0 0.4918000109028071
12500.0 9.0 0.4589000141713768
13000.0 9.0 0.4301999853923917
13500.0 9.0 0.3936000121757388
14000.0 9.0 0.3442999981343746
14500.0 9.0 0.31279999017715454
15000.0 9.0 0.32030000165104866
15500.0 9.0 0.33919999562203884
16000.0 9.0 0.35379999317228794
16500.0 9.0 0.3601000001654029
17000.0 9.0 0.36859999410808086
20000.0 9.0 0.3801999883726239
25000.0 9.0 0.41629998572170734
30000.0 9.0 0.43010000698268414
35000.0 9.0 0.3522999903652817
40000.0 9.0 0.2687999934423715
45000.0 9.0 0.22549999604234472
50000.0 9.0 0.20169999613426626
55000.0 9.0 0.19159999419935048
60000.0 9.0 0.1809999942779541
3750.0 9.25 0.7332999743521214
4000.0 9.25 0.7388000153005123
4250.0 9.25 0.7832000106573105
4500.0 9.25 0.8709000088274479
4750.0 9.25 1.1215999759733677
5000.0 9.25 1.2152999974787235
5250.0 9.25 1.060300056822598
5500.0 9.25 1.0391000201925635
5750.0 9.25 1.003099993802607
6000.0 9.25 0.9585000034421682
6250.0 9.25 0.9110999759286642
6500.0 9.25 0.8513000262901187
7000.0 9.25 0.8044999856501818
7500.0 9.25 0.755600024946034
8000.0 9.25 0.7215999970212579
8500.0 9.25 0.6970000027213246
9000.0 9.25 0.6779000170063227
9500.0 9.25 0.6635000030510128
10000.0 9.25 0.6486999820917845
10500.0 9.25 0.6283000018447638
11000.0 9.25 0.594599973410368
11500.0 9.25 0.5479999710805714
12000.0 9.25 0.5025000087916851
12500.0 9.25 0.4683000015284051
13000.0 9.25 0.44270001421682537
13500.0 9.25 0.4174000099301338
14000.0 9.25 0.38390001095831394
14500.0 9.25 0.33990000933408737
15000.0 9.25 0.30979999899864197
15500.0 9.25 0.31220000237226486
16000.0 9.25 0.3329999912530184
16500.0 9.25 0.3475000001490116
17000.0 9.25 0.36810001265257597
20000.0 9.25 0.47429998219013214
25000.0 9.25 0.4162999987602234
30000.0 9.25 0.42719999980181456
35000.0 9.25 0.34800000861287117
40000.0 9.25 0.2668999893940054
45000.0 9.25 0.22379999369150028
50000.0 9.25 0.2001999942585826
55000.0 9.25 0.1890000021085143
60000.0 9.25 0.17599999578669667
3750.0 9.5 0.7459000051021576
4000.0 9.5 0.7333000041544437
4250.0 9.5 0.7641999907791615
4500.0 9.5 0.847000002861023
4750.0 9.5 1.1215999945998192
5000.0 9.5 1.2113000303506851
5250.0 9.5 1.0277999620884657
5500.0 9.5 1.0352000407874584
5750.0 9.5 1.002799989655614
6000.0 9.5 0.961300010792911
6250.0 9.5 0.9147000294178724
6500.0 9.5 0.8522000089287758
7000.0 9.5 0.8024000274017453
7500.0 9.5 0.7509000031277537
8000.0 9.5 0.715000007301569
8500.0 9.5 0.6894999924115837
9000.0 9.5 0.6699000265070936
9500.0 9.5 0.6549000090453774
10000.0 9.5 0.6399000184610486
10500.0 9.5 0.624600020237267
11000.0 9.5 0.5989000014960766
11500.0 9.5 0.5590999918058515
12000.0 9.5 0.514399993699044
12500.0 9.5 0.47769998549483716
13000.0 9.5 0.4514000080525875
13500.0 9.5 0.4297999960836023
14000.0 9.5 0.4057999928481877
14500.0 9.5 0.3755999952554703
15000.0 9.5 0.34289998561143875
15500.0 9.5 0.31439998745918274
16000.0 9.5 0.31119998544454575
16500.0 9.5 0.3206000104546547
17000.0 9.5 0.5053999889642
20000.0 9.5 0.6606999933719635
25000.0 9.5 0.3478000098839402
30000.0 9.5 0.42500000540167093
35000.0 9.5 0.34440001379698515
40000.0 9.5 0.26489999855402857
45000.0 9.5 0.22130000591278076
50000.0 9.5 0.19479999924078584
55000.0 9.5 0.18410000298172235
60000.0 9.5 0.18059999402612448
