Teff log(g) y
3750.0 5.0 2.1119000390172005
4000.0 5.0 2.1670000925660133
4250.0 5.0 2.231800064444542
4500.0 5.0 2.29139999859035
4750.0 5.0 2.2504000049084425
5000.0 5.0 2.1792001090943813
5250.0 5.0 2.070300091058016
5500.0 5.0 1.842700019478798
5750.0 5.0 1.6709999982267618
6000.0 5.0 1.5251999497413635
6250.0 5.0 1.3899000007659197
6500.0 5.0 1.2066999827511609
7000.0 5.0 1.0756000205874443
7500.0 5.0 0.9513000100851059
8000.0 5.0 0.8957000151276588
8500.0 5.0 0.8638000041246414
9000.0 5.0 0.7826999872922897
9500.0 5.0 0.75509999319911
10000.0 5.0 0.7747000157833099
10500.0 5.0 0.8195000272244215
11000.0 5.0 0.8318000007420778
11500.0 5.0 0.7857999876141548
12000.0 5.0 0.7559000067412853
12500.0 5.0 0.7415999807417393
13000.0 5.0 0.7193999718874693
13500.0 5.0 0.6999000012874603
14000.0 5.0 0.6852999851107597
14500.0 5.0 0.6706000231206417
15000.0 5.0 0.6588999778032303
15500.0 5.0 0.6511999797075987
16000.0 5.0 0.6407999880611897
16500.0 5.0 0.6330999853089452
17000.0 5.0 0.6149000218138099
20000.0 5.0 0.605200007557869
25000.0 5.0 0.6301999874413013
30000.0 5.0 0.6336000245064497
35000.0 5.0 0.5078999903053045
40000.0 5.0 0.3586000055074692
45000.0 5.0 0.29579998925328255
50000.0 5.0 0.2648000009357929
55000.0 5.0 0.24469998851418495
60000.0 5.0 0.23100000992417336
3750.0 5.25 1.9987000152468681
4000.0 5.25 2.0839000418782234
4250.0 5.25 2.1682000644505024
4500.0 5.25 2.224999889731407
4750.0 5.25 2.174900060519576
5000.0 5.25 2.1562999337911606
5250.0 5.25 2.1149000115692616
5500.0 5.25 1.866599977016449
5750.0 5.25 1.6854000268504024
6000.0 5.25 1.541400058194995
6250.0 5.25 1.4121999586932361
6500.0 5.25 1.2362000204157084
7000.0 5.25 1.10200004465878
7500.0 5.25 0.968800026923418
8000.0 5.25 0.8993000090122223
8500.0 5.25 0.8641999885439873
9000.0 5.25 0.7895000204443932
9500.0 5.25 0.7224999777972698
10000.0 5.25 0.7444999888539314
10500.0 5.25 0.8098999962676316
11000.0 5.25 0.8108000131323934
11500.0 5.25 0.7932000197470188
12000.0 5.25 0.7740000020712614
12500.0 5.25 0.7488999757915735
13000.0 5.25 0.7264999840408564
13500.0 5.25 0.7071000030264258
14000.0 5.25 0.6909000258892775
14500.0 5.25 0.6770999943837523
15000.0 5.25 0.6655000066384673
15500.0 5.25 0.6553000193089247
16000.0 5.25 0.6466999892145395
16500.0 5.25 0.6385999927297235
17000.0 5.25 0.6191000016406178
20000.0 5.25 0.6082999845966697
25000.0 5.25 0.6308999732136726
30000.0 5.25 0.6370999850332737
35000.0 5.25 0.5137999933212996
40000.0 5.25 0.3629999943077564
45000.0 5.25 0.29789999127388
50000.0 5.25 0.2655999939888716
55000.0 5.25 0.24390000477433205
60000.0 5.25 0.22960000485181808
3750.0 5.5 1.8725999891757965
4000.0 5.5 1.9980000108480453
4250.0 5.5 2.108299884945154
4500.0 5.5 2.1689000437036157
4750.0 5.5 2.084700076840818
5000.0 5.5 2.1164000779390335
5250.0 5.5 2.1684998869895935
5500.0 5.5 1.8999999575316906
5750.0 5.5 1.7052999772131443
6000.0 5.5 1.556900049559772
6250.0 5.5 1.4297000409569591
6500.0 5.5 1.2613000296987593
7000.0 5.5 1.1274999883025885
7500.0 5.5 0.9889000207185745
8000.0 5.5 0.9081000089645386
8500.0 5.5 0.8652000166475773
9000.0 5.5 0.818099994212389
9500.0 5.5 0.724899984896183
10000.0 5.5 0.6910999938845634
10500.0 5.5 0.7588999830186367
11000.0 5.5 0.7958999742986634
11500.0 5.5 0.7907999847084284
12000.0 5.5 0.7747000064700842
12500.0 5.5 0.7538999728858471
13000.0 5.5 0.732400007545948
13500.0 5.5 0.7129999836906791
14000.0 5.5 0.6973000038415194
14500.0 5.5 0.6832000091671944
15000.0 5.5 0.6712000044062734
15500.0 5.5 0.6611999906599522
16000.0 5.5 0.6514999829232693
16500.0 5.5 0.643100013025105
17000.0 5.5 0.6235999725759029
20000.0 5.5 0.6119000008329749
25000.0 5.5 0.6330000190064311
30000.0 5.5 0.6400999706238508
35000.0 5.5 0.5178000200539827
40000.0 5.5 0.3665999975055456
45000.0 5.5 0.3001999966800213
50000.0 5.5 0.2668000143021345
55000.0 5.5 0.2448000106960535
60000.0 5.5 0.23110000789165497
3750.0 5.75 1.7671000137925148
4000.0 5.75 1.9195000231266022
4250.0 5.75 2.0513001047074795
4500.0 5.75 2.120299955829978
4750.0 5.75 1.9816999571048655
5000.0 5.75 2.054099902510643
5250.0 5.75 2.2254000529646873
5500.0 5.75 1.9433999545872211
5750.0 5.75 1.732499941252172
6000.0 5.75 1.5736000156030059
6250.0 5.75 1.4453999799443409
6500.0 5.75 1.2820999941322953
7000.0 5.75 1.1504000341519713
7500.0 5.75 1.0095000211149454
8000.0 5.75 0.920400008559227
8500.0 5.75 0.8724000155925751
9000.0 5.75 0.8312000259757042
9500.0 5.75 0.7292000129818916
10000.0 5.75 0.6654000096023083
10500.0 5.75 0.7085999939590693
11000.0 5.75 0.7722000116482377
11500.0 5.75 0.7801999744260684
12000.0 5.75 0.770900018978864
12500.0 5.75 0.7549000009894371
13000.0 5.75 0.7368999812752008
13500.0 5.75 0.7190999914892018
14000.0 5.75 0.7030000118538737
14500.0 5.75 0.689100022893399
15000.0 5.75 0.676799985114485
15500.0 5.75 0.6660000174306333
16000.0 5.75 0.6565000005066395
16500.0 5.75 0.6492000175639987
17000.0 5.75 0.6276000193320215
20000.0 5.75 0.6156999911181629
25000.0 5.75 0.6351999752223492
30000.0 5.75 0.6420999956317246
35000.0 5.75 0.5197000149637461
40000.0 5.75 0.36850000638514757
45000.0 5.75 0.30120000429451466
50000.0 5.75 0.2671000100672245
55000.0 5.75 0.2451000101864338
60000.0 5.75 0.23570001125335693
3750.0 6.0 1.6636000499129295
4000.0 6.0 1.8407000377774239
4250.0 6.0 1.9922999814152718
4500.0 6.0 2.0752999521791935
4750.0 6.0 1.8599999768193811
5000.0 6.0 1.9787000715732574
5250.0 6.0 2.291199967265129
5500.0 6.0 1.9921000078320503
5750.0 6.0 1.765600023791194
6000.0 6.0 1.5953999711200595
6250.0 6.0 1.4620000320719555
6500.0 6.0 1.299499973654747
7000.0 6.0 1.170399995520711
7500.0 6.0 1.0296999886631966
8000.0 6.0 0.9357000067830086
8500.0 6.0 0.8808999918401241
9000.0 6.0 0.839799989014864
9500.0 6.0 0.7680000066757202
10000.0 6.0 0.664699986577034
10500.0 6.0 0.6485000066459179
11000.0 6.0 0.7296000011265278
11500.0 6.0 0.7648000214248896
12000.0 6.0 0.7634000002872199
12500.0 6.0 0.7530999779701233
13000.0 6.0 0.7386000065598637
13500.0 6.0 0.7227999777533114
14000.0 6.0 0.7077000252902508
14500.0 6.0 0.6941999739501625
15000.0 6.0 0.6819999858271331
15500.0 6.0 0.6710999750066549
16000.0 6.0 0.6617999747395515
16500.0 6.0 0.6533000045455992
17000.0 6.0 0.631700022961013
20000.0 6.0 0.6194999881845433
25000.0 6.0 0.6375999880765448
30000.0 6.0 0.6429999945685267
35000.0 6.0 0.5197999970987439
40000.0 6.0 0.3693999955430627
45000.0 6.0 0.3012000108137727
50000.0 6.0 0.26900000497698784
55000.0 6.0 0.2558999937027693
60000.0 6.0 0.2580000013113022
3750.0 6.25 1.5682999715209007
4000.0 6.25 1.7644000127911568
4250.0 6.25 1.9325000308454037
4500.0 6.25 2.032399944961071
4750.0 6.25 1.7341000083833933
5000.0 6.25 1.8887999504804611
5250.0 6.25 2.349499888718128
5500.0 6.25 2.051499992609024
5750.0 6.25 1.8070000316947699
6000.0 6.25 1.6223000013269484
6250.0 6.25 1.4809000025270507
6500.0 6.25 1.316100009251386
7000.0 6.25 1.1883000386878848
7500.0 6.25 1.0487000197172165
8000.0 6.25 0.9518999774008989
8500.0 6.25 0.8922000303864479
9000.0 6.25 0.8507000170648098
9500.0 6.25 0.7973999977111816
10000.0 6.25 0.6862000115215778
10500.0 6.25 0.6191999837756157
11000.0 6.25 0.6676999814808369
11500.0 6.25 0.7375999744981527
12000.0 6.25 0.7524999994784594
12500.0 6.25 0.7476999731734395
13000.0 6.25 0.737299996893853
13500.0 6.25 0.7241999863181263
14000.0 6.25 0.7108999717747793
14500.0 6.25 0.6982999738538638
15000.0 6.25 0.6866000159061514
15500.0 6.25 0.6757999953115359
16000.0 6.25 0.6662999950349331
16500.0 6.25 0.657799981883727
17000.0 6.25 0.6361000266624615
20000.0 6.25 0.6231000281404704
25000.0 6.25 0.6397999911569059
30000.0 6.25 0.6430000097025186
35000.0 6.25 0.518899972550571
40000.0 6.25 0.3691999912261963
45000.0 6.25 0.3038999969139695
50000.0 6.25 0.2735000094398856
55000.0 6.25 0.2500999914482236
60000.0 6.25 0.22950000315904617
3750.0 6.5 1.4848999828100204
4000.0 6.5 1.6923000067472458
4250.0 6.5 1.8720999881625175
4500.0 6.5 1.9880000334233046
4750.0 6.5 1.6021000314503908
5000.0 6.5 1.795599952340126
5250.0 6.5 2.399400018155575
5500.0 6.5 2.1072999238967896
5750.0 6.5 1.8550000376999378
6000.0 6.5 1.656899942085147
6250.0 6.5 1.5049000314611476
6500.0 6.5 1.3330999887548387
7000.0 6.5 1.2044999543577433
7500.0 6.5 1.0650000497698784
8000.0 6.5 0.9673999864608049
8500.0 6.5 0.9045000188052654
9000.0 6.5 0.8617999851703644
9500.0 6.5 0.8158999867737293
10000.0 6.5 0.7309999763965607
10500.0 6.5 0.624299980700016
11000.0 6.5 0.6068000048398972
11500.0 6.5 0.6874999925494194
12000.0 6.5 0.734300009906292
12500.0 6.5 0.7393000265583396
13000.0 6.5 0.7330000195652246
13500.0 6.5 0.7228000266477466
14000.0 6.5 0.7120000068098307
14500.0 6.5 0.700899999588728
15000.0 6.5 0.6899000024423003
15500.0 6.5 0.6794999954290688
16000.0 6.5 0.6703999754972756
16500.0 6.5 0.6618999955244362
17000.0 6.5 0.6399999805726111
20000.0 6.5 0.626499991863966
25000.0 6.5 0.6419000108726323
30000.0 6.5 0.6426999820396304
35000.0 6.5 0.5168999838642776
40000.0 6.5 0.3683999995701015
45000.0 6.5 0.3027999997138977
50000.0 6.5 0.2691000113263726
55000.0 6.5 0.24569999985396862
60000.0 6.5 0.22859999351203442
3750.0 6.75 1.4136999920010567
4000.0 6.75 1.6238000094890594
4250.0 6.75 1.8112000338733196
4500.0 6.75 1.9420000445097685
4750.0 6.75 1.4735999898985028
5000.0 6.75 1.6869000121951103
5250.0 6.75 2.4312999546527863
5500.0 6.75 2.1716999858617783
5750.0 6.75 1.909299960359931
6000.0 6.75 1.6967999879270792
6250.0 6.75 1.5321000058902428
6500.0 6.75 1.3518999563530087
7000.0 6.75 1.2204999905079603
7500.0 6.75 1.079699968919158
8000.0 6.75 0.981199998408556
8500.0 6.75 0.9164000004529953
9000.0 6.75 0.8732000067830086
9500.0 6.75 0.8304999992251396
10000.0 6.75 0.769499983638525
10500.0 6.75 0.6593999788165092
11000.0 6.75 0.5824999958276749
11500.0 6.75 0.6201999746263027
12000.0 6.75 0.6976999714970589
12500.0 6.75 0.7254999782890081
13000.0 6.75 0.7257999703288078
13500.0 6.75 0.7192000262439251
14000.0 6.75 0.7104000207036734
14500.0 6.75 0.7012000111863017
15000.0 6.75 0.691599971614778
15500.0 6.75 0.6821000017225742
16000.0 6.75 0.6733999950811267
16500.0 6.75 0.6651999792084098
17000.0 6.75 0.6437000036239624
20000.0 6.75 0.6293000252917409
25000.0 6.75 0.643799970857799
30000.0 6.75 0.6416999972425401
35000.0 6.75 0.5139999887323938
40000.0 6.75 0.3669999884441495
45000.0 6.75 0.3018000116571784
50000.0 6.75 0.26940000988543034
55000.0 6.75 0.2419999884441495
60000.0 6.75 0.21909999661147594
3750.0 7.0 1.3528000339865685
4000.0 7.0 1.5596999526023865
4250.0 7.0 1.7503000125288963
4500.0 7.0 1.8938999827951193
4750.0 7.0 1.350299975834787
5000.0 7.0 1.577199999243021
5250.0 7.0 2.447999991476536
5500.0 7.0 2.2238000705838203
5750.0 7.0 1.9652999229729176
6000.0 7.0 1.743300000205636
6250.0 7.0 1.5668999934569001
6500.0 7.0 1.3739000242203474
7000.0 7.0 1.2377000022679567
7500.0 7.0 1.093499980866909
8000.0 7.0 0.9930999968200922
8500.0 7.0 0.9267000183463097
9000.0 7.0 0.8834999762475491
9500.0 7.0 0.8443999961018562
10000.0 7.0 0.7931000292301178
10500.0 7.0 0.7117000184953213
11000.0 7.0 0.6030999720096588
11500.0 7.0 0.5655999928712845
12000.0 7.0 0.636300016194582
12500.0 7.0 0.6983000002801418
13000.0 7.0 0.7139999698847532
13500.0 7.0 0.7124000079929829
14000.0 7.0 0.7073000073432922
14500.0 7.0 0.6995999719947577
15000.0 7.0 0.6910999761894345
15500.0 7.0 0.6827000165358186
16000.0 7.0 0.6747999712824821
16500.0 7.0 0.667099985294044
17000.0 7.0 0.6465000137686729
20000.0 7.0 0.6316000251099467
25000.0 7.0 0.6452999738976359
30000.0 7.0 0.6400000220164657
35000.0 7.0 0.5106000199448317
40000.0 7.0 0.3651999905705452
45000.0 7.0 0.3001000005751848
50000.0 7.0 0.26380000822246075
55000.0 7.0 0.23780000116676092
60000.0 7.0 0.22690000385046005
3750.0 7.25 1.3045000210404396
4000.0 7.25 1.501599945127964
4250.0 7.25 1.6906000226736069
4500.0 7.25 1.8436999656260014
4750.0 7.25 1.2322999946773052
5000.0 7.25 1.465599987655878
5250.0 7.25 2.4459998831152916
5500.0 7.25 2.2641000114381313
5750.0 7.25 2.0231000520288944
6000.0 7.25 1.79450005851686
6250.0 7.25 1.606299956329167
6500.0 7.25 1.400500051677227
7000.0 7.25 1.2571000531315804
7500.0 7.25 1.1067000273615122
8000.0 7.25 1.0035000033676624
8500.0 7.25 0.9358000010251999
9000.0 7.25 0.8922999985516071
9500.0 7.25 0.8562000021338463
10000.0 7.25 0.8109000138938427
10500.0 7.25 0.7505000196397305
11000.0 7.25 0.651900015771389
11500.0 7.25 0.5626999959349632
12000.0 7.25 0.5689999908208847
12500.0 7.25 0.6453999727964401
13000.0 7.25 0.6921999715268612
13500.0 7.25 0.7020999826490879
14000.0 7.25 0.700500013306737
14500.0 7.25 0.69539999589324
15000.0 7.25 0.6879000160843134
15500.0 7.25 0.6816999725997448
16000.0 7.25 0.6747999787330627
16500.0 7.25 0.6677999803796411
17000.0 7.25 0.648600010201335
20000.0 7.25 0.6335000181570649
25000.0 7.25 0.6465999772772193
30000.0 7.25 0.638199987821281
35000.0 7.25 0.5067000179551542
40000.0 7.25 0.3630000058328733
45000.0 7.25 0.2976000087801367
50000.0 7.25 0.26200000662356615
55000.0 7.25 0.2416000058874488
60000.0 7.25 0.2306999946013093
3750.0 7.5 1.2711000442504883
4000.0 7.5 1.4505000486969948
4250.0 7.5 1.6321999952197075
4500.0 7.5 1.7921000234782696
4750.0 7.5 1.117200018838048
5000.0 7.5 1.3550000339746475
5250.0 7.5 2.431800037622452
5500.0 7.5 2.2879999354481697
5750.0 7.5 2.075999930500984
6000.0 7.5 1.8486000318080187
6250.0 7.5 1.6519000250846148
6500.0 7.5 1.4300999746192247
7000.0 7.5 1.2788000218570232
7500.0 7.5 1.121000049635768
8000.0 7.5 1.013299997895956
8500.0 7.5 0.9431999921798706
9000.0 7.5 0.8983000293374062
9500.0 7.5 0.8650999963283539
10000.0 7.5 0.8258000016212463
10500.0 7.5 0.7737000286579132
11000.0 7.5 0.7056999988853931
11500.0 7.5 0.6030000299215317
12000.0 7.5 0.5382999926805496
12500.0 7.5 0.57710000872612
13000.0 7.5 0.6471999920904636
13500.0 7.5 0.6828999929130077
14000.0 7.5 0.689699986949563
14500.0 7.5 0.6861000098288059
15000.0 7.5 0.6849000006914139
15500.0 7.5 0.6816000062972307
16000.0 7.5 0.6729999706149101
16500.0 7.5 0.6666999757289886
17000.0 7.5 0.649800019338727
20000.0 7.5 0.6347999880090356
25000.0 7.5 0.6476000063121319
30000.0 7.5 0.6359000224620104
35000.0 7.5 0.5023000091314316
40000.0 7.5 0.36070000447216444
45000.0 7.5 0.296200007898733
50000.0 7.5 0.2614000025205314
55000.0 7.5 0.23740000277757645
60000.0 7.5 0.22050000354647636
3750.0 7.75 1.2468999475240707
4000.0 7.75 1.4029999673366547
4250.0 7.75 1.5757000371813774
4500.0 7.75 1.739800050854683
4750.0 7.75 1.0021999944001436
5000.0 7.75 1.245500035583973
5250.0 7.75 2.4111000150442123
5500.0 7.75 2.2972000055015087
5750.0 7.75 2.1179999634623528
6000.0 7.75 1.9025000557303429
6250.0 7.75 1.7008999735116959
6500.0 7.75 1.4642999921925366
7000.0 7.75 1.3034000089392066
7500.0 7.75 1.1364999637007713
8000.0 7.75 1.0240000113844872
8500.0 7.75 0.9494999758899212
9000.0 7.75 0.9025999754667282
9500.0 7.75 0.871299970895052
10000.0 7.75 0.8371000066399574
10500.0 7.75 0.7912999913096428
11000.0 7.75 0.7374000214040279
11500.0 7.75 0.6613000258803368
12000.0 7.75 0.5655000135302544
12500.0 7.75 0.5287999957799911
13000.0 7.75 0.5822999998927116
13500.0 7.75 0.642200019210577
14000.0 7.75 0.6716000251471996
14500.0 7.75 0.6768999993801117
15000.0 7.75 0.6767999958246946
15500.0 7.75 0.6755999904125929
16000.0 7.75 0.6709000114351511
16500.0 7.75 0.6642000023275614
17000.0 7.75 0.6498000081628561
20000.0 7.75 0.6355999950319529
25000.0 7.75 0.6482000034302473
30000.0 7.75 0.6330000078305602
35000.0 7.75 0.49749999679625034
40000.0 7.75 0.35820000316016376
45000.0 7.75 0.2935000031720847
50000.0 7.75 0.25759999407455325
55000.0 7.75 0.23799999756738544
60000.0 7.75 0.23139999341219664
3750.0 8.0 1.2043999880552292
4000.0 8.0 1.3530000299215317
4250.0 8.0 1.5210999548435211
4500.0 8.0 1.6871000155806541
4750.0 8.0 0.8853999897837639
5000.0 8.0 1.1365999914705753
5250.0 8.0 2.38939993083477
5500.0 8.0 2.292500074952841
5750.0 8.0 2.147599995136261
6000.0 8.0 1.9534999802708626
6250.0 8.0 1.7517999615520239
6500.0 8.0 1.5026999888941646
7000.0 8.0 1.3318000435829163
7500.0 8.0 1.1546000000089407
8000.0 8.0 1.035000005736947
8500.0 8.0 0.9554999843239784
9000.0 8.0 0.9058000296354294
9500.0 8.0 0.87440000846982
10000.0 8.0 0.8452999852597713
10500.0 8.0 0.8048000186681747
11000.0 8.0 0.7566000260412693
11500.0 8.0 0.7042999975383282
12000.0 8.0 0.6222999840974808
12500.0 8.0 0.5389000028371811
13000.0 8.0 0.5247999951243401
13500.0 8.0 0.5828000009059906
14000.0 8.0 0.6369000263512135
14500.0 8.0 0.6599999740719795
15000.0 8.0 0.6638000085949898
15500.0 8.0 0.664299987256527
16000.0 8.0 0.6675000060349703
16500.0 8.0 0.6617000252008438
17000.0 8.0 0.6487999763339758
20000.0 8.0 0.6354999877512455
25000.0 8.0 0.6485000252723694
30000.0 8.0 0.6298000197857618
35000.0 8.0 0.49230001121759415
40000.0 8.0 0.3555000019259751
45000.0 8.0 0.2917999889323255
50000.0 8.0 0.2570000032428652
55000.0 8.0 0.23749999795109034
60000.0 8.0 0.22419999446719885
3750.0 8.25 1.1846999451518059
4000.0 8.25 1.3132000491023064
4250.0 8.25 1.4682000055909157
4500.0 8.25 1.635600008070469
4750.0 8.25 0.7649000100791454
5000.0 8.25 1.0244000256061554
5250.0 8.25 2.371199958026409
5500.0 8.25 2.2815001122653484
5750.0 8.25 2.161399904638529
6000.0 8.25 1.9945000186562538
6250.0 8.25 1.8030000366270542
6500.0 8.25 1.5454999469220638
7000.0 8.25 1.364100023638457
7500.0 8.25 1.174400007352233
8000.0 8.25 1.0472999848425388
8500.0 8.25 0.9619999900460243
9000.0 8.25 0.9085000082850456
9500.0 8.25 0.8757000006735325
10000.0 8.25 0.8494000136852264
10500.0 8.25 0.8151999786496162
11000.0 8.25 0.7713000290095806
11500.0 8.25 0.7271000072360039
12000.0 8.25 0.6746000126004219
12500.0 8.25 0.5911000072956085
13000.0 8.25 0.5213999971747398
13500.0 8.25 0.5268999934196472
14000.0 8.25 0.5787999778985977
14500.0 8.25 0.6232000030577183
15000.0 8.25 0.6451000198721886
15500.0 8.25 0.6498000286519527
16000.0 8.25 0.6542000137269497
16500.0 8.25 0.6616999823600054
17000.0 8.25 0.6477000024169683
20000.0 8.25 0.6346999816596508
25000.0 8.25 0.6482999976724386
30000.0 8.25 0.6261999979615211
35000.0 8.25 0.48670000536367297
40000.0 8.25 0.35260001360438764
45000.0 8.25 0.2896000109612942
50000.0 8.25 0.2544000125490129
55000.0 8.25 0.23399999365210533
60000.0 8.25 0.21850000461563468
3750.0 8.5 1.1647000014781952
4000.0 8.5 1.2740000486373901
4250.0 8.5 1.4171999767422676
4500.0 8.5 1.58339998498559
4750.0 8.5 0.6344999857246876
5000.0 8.5 0.9101999886333942
5250.0 8.5 2.361400045454502
5500.0 8.5 2.2670000605285168
5750.0 8.5 2.163900077342987
6000.0 8.5 2.0262000411748886
6250.0 8.5 1.8499999418854713
6500.0 8.5 1.5899000521749258
7000.0 8.5 1.3990999883972108
7500.0 8.5 1.1975000333040953
8000.0 8.5 1.0613000188022852
8500.0 8.5 0.9696999900043011
9000.0 8.5 0.9117999821901321
9500.0 8.5 0.8757000267505646
10000.0 8.5 0.8508999720215797
10500.0 8.5 0.8219999745488167
11000.0 8.5 0.7824999913573265
11500.0 8.5 0.7416999861598015
12000.0 8.5 0.702400017529726
12500.0 8.5 0.6489000171422958
13000.0 8.5 0.5679000020027161
13500.0 8.5 0.5103000104427338
14000.0 8.5 0.5213000103831291
14500.0 8.5 0.5707999989390373
15000.0 8.5 0.6144000068306923
15500.0 8.5 0.6347999833524227
16000.0 8.5 0.642100028693676
16500.0 8.5 0.6436999961733818
17000.0 8.5 0.642300009727478
20000.0 8.5 0.6340000219643116
25000.0 8.5 0.6478999815881252
30000.0 8.5 0.6221999861299992
35000.0 8.5 0.4807999962940812
40000.0 8.5 0.34959999565035105
45000.0 8.5 0.2861999995075166
50000.0 8.5 0.25100000097882
55000.0 8.5 0.23529999912716448
60000.0 8.5 0.2264000023715198
3750.0 8.75 1.1410000175237656
4000.0 8.75 1.2349999696016312
4250.0 8.75 1.36690004914999
4500.0 8.75 1.531200036406517
4750.0 8.75 0.5015999861061573
5000.0 8.75 0.792699970304966
5250.0 8.75 2.3527000546455383
5500.0 8.75 2.2549998871982098
5750.0 8.75 2.1589001156389713
6000.0 8.75 2.0424000062048435
6250.0 8.75 1.8896000050008297
6500.0 8.75 1.6358999777585268
7000.0 8.75 1.4374999878928065
7500.0 8.75 1.2230000477284193
8000.0 8.75 1.0772000458091497
8500.0 8.75 0.9800000116229057
9000.0 8.75 0.9152999818325043
9500.0 8.75 0.8750000223517418
10000.0 8.75 0.8507000096142292
10500.0 8.75 0.8257999792695045
11000.0 8.75 0.7909999787807465
11500.0 8.75 0.75220001116395
12000.0 8.75 0.717699971050024
12500.0 8.75 0.6813999749720097
13000.0 8.75 0.627599973231554
13500.0 8.75 0.551300011575222
14000.0 8.75 0.5022999942302704
14500.0 8.75 0.518300011754036
15000.0 8.75 0.5607000067830086
15500.0 8.75 0.5959999933838844
16000.0 8.75 0.6160000301897526
16500.0 8.75 0.6251000128686428
17000.0 8.75 0.6403000243008137
20000.0 8.75 0.6328999940305948
25000.0 8.75 0.6467999834567308
30000.0 8.75 0.6175999846309423
35000.0 8.75 0.4746000003069639
40000.0 8.75 0.3466999945230782
45000.0 8.75 0.2838000082410872
50000.0 8.75 0.24949999323143857
55000.0 8.75 0.23300000582821667
60000.0 8.75 0.21860000304877758
3750.0 9.0 1.1246999651193619
4000.0 9.0 1.1995999440550804
4250.0 9.0 1.3180000558495522
4500.0 9.0 1.4819000214338303
4750.0 9.0 0.360200010240078
5000.0 9.0 0.6651000119745731
5250.0 9.0 2.3469000160694122
5500.0 9.0 2.2473001033067703
5750.0 9.0 2.150600031018257
6000.0 9.0 2.048200022429228
6250.0 9.0 1.9194000363349915
6500.0 9.0 1.6807000488042831
7000.0 9.0 1.4782999753952026
7500.0 9.0 1.2514999927952886
8000.0 9.0 1.0953999944031239
8500.0 9.0 0.9904999788850546
9000.0 9.0 0.9199999943375587
9500.0 9.0 0.876300010830164
10000.0 9.0 0.8493999801576138
10500.0 9.0 0.826400026679039
11000.0 9.0 0.796300008893013
11500.0 9.0 0.7597999982535839
12000.0 9.0 0.7267000041902065
12500.0 9.0 0.697800025343895
13000.0 9.0 0.6637000143527985
13500.0 9.0 0.6110000163316727
14000.0 9.0 0.5387999936938286
14500.0 9.0 0.49649999290704727
15000.0 9.0 0.5113999918103218
15500.0 9.0 0.5467000007629395
16000.0 9.0 0.5815999805927277
16500.0 9.0 0.6042999923229218
17000.0 9.0 0.6333999820053577
20000.0 9.0 0.6285000033676624
25000.0 9.0 0.6453000213950872
30000.0 9.0 0.6129000075161457
35000.0 9.0 0.46819998789578676
40000.0 9.0 0.34350000647827983
45000.0 9.0 0.28139998740516603
50000.0 9.0 0.24750000715721399
55000.0 9.0 0.23150000482564792
60000.0 9.0 0.21600000141188502
3750.0 9.25 1.1209000051021576
4000.0 9.25 1.1711000055074692
4250.0 9.25 1.270500048995018
4500.0 9.25 1.4274000003933907
4750.0 9.25 0.21370000392198563
5000.0 9.25 0.5486999806016684
5250.0 9.25 2.339300077408552
5500.0 9.25 2.241900097578764
5750.0 9.25 2.1428999416530132
6000.0 9.25 2.048199936747551
6250.0 9.25 1.9372000433504581
6500.0 9.25 1.7209999449551105
7000.0 9.25 1.5192999430000782
7500.0 9.25 1.2835000064224005
8000.0 9.25 1.1166999749839306
8500.0 9.25 1.0031999871134758
9000.0 9.25 0.9263000153005123
9500.0 9.25 0.8774000070989132
10000.0 9.25 0.84680001065135
10500.0 9.25 0.824999988079071
11000.0 9.25 0.7994000054895878
11500.0 9.25 0.7658999748528004
12000.0 9.25 0.7331999912858009
12500.0 9.25 0.70619997382164
13000.0 9.25 0.6809000298380852
13500.0 9.25 0.6481000185012817
14000.0 9.25 0.5987999923527241
14500.0 9.25 0.5341000109910965
15000.0 9.25 0.4910999909043312
15500.0 9.25 0.4984999969601631
16000.0 9.25 0.5321999937295914
16500.0 9.25 0.5589999929070473
17000.0 9.25 0.6251000054180622
20000.0 9.25 0.770799994468689
25000.0 9.25 0.6437000278383493
30000.0 9.25 0.6074999757111073
35000.0 9.25 0.46170000173151493
40000.0 9.25 0.3404000047594309
45000.0 9.25 0.27919999952428043
50000.0 9.25 0.245100001397077
55000.0 9.25 0.22849999903701246
60000.0 9.25 0.21160000457894057
3750.0 9.5 1.137499988079071
4000.0 9.5 1.1540000289678574
4250.0 9.5 1.226300023496151
4500.0 9.5 1.3763000294566154
4750.0 9.5 0.09910000488162041
5000.0 9.5 0.4260999937541783
5250.0 9.5 2.2868999131023884
5500.0 9.5 2.245500013232231
5750.0 9.5 2.1412000618875027
6000.0 9.5 2.044799964874983
6250.0 9.5 1.9439000152051449
6500.0 9.5 1.7544000223279
7000.0 9.5 1.5589999500662088
7500.0 9.5 1.3184000407345593
8000.0 9.5 1.1407000124454498
8500.0 9.5 1.018200010061264
9000.0 9.5 0.9344999864697456
9500.0 9.5 0.8799999989569187
10000.0 9.5 0.844099972397089
10500.0 9.5 0.8223999850451946
11000.0 9.5 0.7998000085353851
11500.0 9.5 0.7699999809265137
12000.0 9.5 0.7379000037908554
12500.0 9.5 0.7105999924242496
13000.0 9.5 0.6879999749362469
13500.0 9.5 0.6641000285744667
14000.0 9.5 0.6313999965786934
14500.0 9.5 0.5868999920785427
15000.0 9.5 0.5397000089287758
15500.0 9.5 0.49779999256134033
16000.0 9.5 0.49380001425743103
16500.0 9.5 0.5185999870300293
17000.0 9.5 0.8339999690651894
20000.0 9.5 1.0542000234127045
25000.0 9.5 0.5366999972611666
30000.0 9.5 0.6017000135034323
35000.0 9.5 0.4551000129431486
40000.0 9.5 0.3374000038020313
45000.0 9.5 0.27599999122321606
50000.0 9.5 0.23909999296301976
55000.0 9.5 0.22419999539852142
60000.0 9.5 0.21629999310243875
