Teff log(g) y
3750.0 5.0 1.4101999998092651
4000.0 5.0 1.5095999725162983
4250.0 5.0 1.5978999910876155
4500.0 5.0 1.6433000398610602
4750.0 5.0 1.6827999502420425
5000.0 5.0 1.6189000252634287
5250.0 5.0 1.4618999501690269
5500.0 5.0 1.3699999451637268
5750.0 5.0 1.2977999793365598
6000.0 5.0 1.241699991747737
6250.0 5.0 1.1961000096052885
6500.0 5.0 1.1479000058025122
7000.0 5.0 1.1133999954909086
7500.0 5.0 1.0770000573247671
8000.0 5.0 1.0389999970793724
8500.0 5.0 0.9928999654948711
9000.0 5.0 0.8822000063955784
9500.0 5.0 0.7120999954640865
10000.0 5.0 0.5800000224262476
10500.0 5.0 0.5178999956697226
11000.0 5.0 0.4880999871529639
11500.0 5.0 0.46200000401586294
12000.0 5.0 0.4461999904597178
12500.0 5.0 0.4364999966346659
13000.0 5.0 0.42860001360531896
13500.0 5.0 0.4232999950181693
14000.0 5.0 0.4190000133239664
14500.0 5.0 0.4154000021517277
15000.0 5.0 0.41260000108741224
15500.0 5.0 0.4106999906944111
16000.0 5.0 0.4090000099968165
16500.0 5.0 0.40789999300614
17000.0 5.0 0.4080000030808151
20000.0 5.0 0.41649999702349305
25000.0 5.0 0.4540000129491091
30000.0 5.0 0.47839999571442604
35000.0 5.0 0.40309999883174896
40000.0 5.0 0.29980000667274
45000.0 5.0 0.2539000138640404
50000.0 5.0 0.23110001347959042
55000.0 5.0 0.21610000357031822
60000.0 5.0 0.2060999982059002
3750.0 5.25 1.3508999720215797
4000.0 5.25 1.4638999439775944
4250.0 5.25 1.5625999849289656
4500.0 5.25 1.6126000476069748
4750.0 5.25 1.668900042772293
5000.0 5.25 1.6204999890178442
5250.0 5.25 1.4661000538617373
5500.0 5.25 1.3704999648034573
5750.0 5.25 1.2943999702110887
6000.0 5.25 1.2364999921992421
6250.0 5.25 1.1901999795809388
6500.0 5.25 1.1401999648660421
7000.0 5.25 1.103599963709712
7500.0 5.25 1.0672000255435705
8000.0 5.25 1.0315000042319298
8500.0 5.25 0.9826999641954899
9000.0 5.25 0.8943000137805939
9500.0 5.25 0.7591999918222427
10000.0 5.25 0.6195000242441893
10500.0 5.25 0.5335999885573983
11000.0 5.25 0.4925000057555735
11500.0 5.25 0.46729998593218625
12000.0 5.25 0.45059999893419445
12500.0 5.25 0.43790001049637794
13000.0 5.25 0.4296000071626622
13500.0 5.25 0.4236000115633942
14000.0 5.25 0.4190000065427739
14500.0 5.25 0.415399991965387
15000.0 5.25 0.4125000041676685
15500.0 5.25 0.4104999869596213
16000.0 5.25 0.40909999643918127
16500.0 5.25 0.4075999893248081
17000.0 5.25 0.40770000929478556
20000.0 5.25 0.4158000061288476
25000.0 5.25 0.4521000077947974
30000.0 5.25 0.4786999970674515
35000.0 5.25 0.40590001083910465
40000.0 5.25 0.30199999921023846
45000.0 5.25 0.2545999865978956
50000.0 5.25 0.23080001212656498
55000.0 5.25 0.21470000594854355
60000.0 5.25 0.20440000668168068
3750.0 5.5 1.2819999605417252
4000.0 5.5 1.415300015360117
4250.0 5.5 1.5272000469267368
4500.0 5.5 1.5842999960295856
4750.0 5.5 1.6532999728806317
5000.0 5.5 1.618900004774332
5250.0 5.5 1.4702000552788377
5500.0 5.5 1.3735999558120966
5750.0 5.5 1.2933000354096293
6000.0 5.5 1.2321000061929226
6250.0 5.5 1.184000052511692
6500.0 5.5 1.1325000114738941
7000.0 5.5 1.0938999485224485
7500.0 5.5 1.0565999634563923
8000.0 5.5 1.0228000171482563
8500.0 5.5 0.979400034993887
9000.0 5.5 0.9123999997973442
9500.0 5.5 0.7872000094503164
10000.0 5.5 0.6384999863803387
10500.0 5.5 0.5458000274375081
11000.0 5.5 0.49940002523362637
11500.0 5.5 0.47260001115500927
12000.0 5.5 0.45370000693947077
12500.0 5.5 0.4407000084174797
13000.0 5.5 0.4307000044500455
13500.0 5.5 0.42339999496471137
14000.0 5.5 0.41920000992831774
14500.0 5.5 0.4153999885893427
15000.0 5.5 0.4127999876072863
15500.0 5.5 0.41080001335649285
16000.0 5.5 0.40879999607568607
16500.0 5.5 0.4077000089746434
17000.0 5.5 0.40760000894078985
20000.0 5.5 0.41560001228936017
25000.0 5.5 0.45110000972636044
30000.0 5.5 0.47900001239031553
35000.0 5.5 0.407600000500679
40000.0 5.5 0.3036000085994601
45000.0 5.5 0.2555000055581331
50000.0 5.5 0.2309000063687563
55000.0 5.5 0.2146000061184168
60000.0 5.5 0.20500000566244125
3750.0 5.75 1.2242000326514244
4000.0 5.75 1.3699999526143074
4250.0 5.75 1.492499953135848
4500.0 5.75 1.5566000249236822
4750.0 5.75 1.636199991684407
5000.0 5.75 1.612100020982325
5250.0 5.75 1.4718000357970595
5500.0 5.75 1.3784999707713723
5750.0 5.75 1.2948000519536436
6000.0 5.75 1.228299964684993
6250.0 5.75 1.1782999532297254
6500.0 5.75 1.1247000563889742
7000.0 5.75 1.0843000207096338
7500.0 5.75 1.0455000419169664
8000.0 5.75 1.01259995251894
8500.0 5.75 0.973999947309494
9000.0 5.75 0.9107000268995762
9500.0 5.75 0.7970000170171261
10000.0 5.75 0.6729000192135572
10500.0 5.75 0.5703999949619174
11000.0 5.75 0.508899993263185
11500.0 5.75 0.47799999406561255
12000.0 5.75 0.45729998545721173
12500.0 5.75 0.4427000128198415
13000.0 5.75 0.4325000054668635
13500.0 5.75 0.42520000238437206
14000.0 5.75 0.41980001027695835
14500.0 5.75 0.4158999855280854
15000.0 5.75 0.4128999909735285
15500.0 5.75 0.41060000997094903
16000.0 5.75 0.4088999960949877
16500.0 5.75 0.407900008969591
17000.0 5.75 0.40729999881295953
20000.0 5.75 0.415399995399639
25000.0 5.75 0.4503999857697636
30000.0 5.75 0.47880001086741686
35000.0 5.75 0.40779999643564224
40000.0 5.75 0.30419998802244663
45000.0 5.75 0.25550000090152025
50000.0 5.75 0.23030000552535057
55000.0 5.75 0.21409999579191208
60000.0 5.75 0.2083000037819147
3750.0 6.0 1.1655999943614006
4000.0 6.0 1.3231000527739525
4250.0 6.0 1.4551999904215336
4500.0 6.0 1.5283000534400344
4750.0 6.0 1.6159000562693109
5000.0 6.0 1.6044000280089676
5250.0 6.0 1.4745999574661255
5500.0 6.0 1.3822999554686248
5750.0 6.0 1.29760004254058
6000.0 6.0 1.2275000428780913
6250.0 6.0 1.1734999669715762
6500.0 6.0 1.1169000165537
7000.0 6.0 1.0747000062838197
7500.0 6.0 1.0339000523090363
8000.0 6.0 1.0017999932169914
8500.0 6.0 0.9664000235497952
9000.0 6.0 0.9119000174105167
9500.0 6.0 0.824200015515089
10000.0 6.0 0.6949999872595072
10500.0 6.0 0.5793999936431646
11000.0 6.0 0.5228999797254801
11500.0 6.0 0.4837000002153218
12000.0 6.0 0.46190000139176846
12500.0 6.0 0.4462000047788024
13000.0 6.0 0.43479999992996454
13500.0 6.0 0.4265000098384917
14000.0 6.0 0.4205999909900129
14500.0 6.0 0.41640000243205577
15000.0 6.0 0.4130999879562296
15500.0 6.0 0.4107000035000965
16000.0 6.0 0.4088999862433411
16500.0 6.0 0.4077000089746434
17000.0 6.0 0.40699999540811405
20000.0 6.0 0.4153999885893427
25000.0 6.0 0.4499000050127506
30000.0 6.0 0.47789998655207455
35000.0 6.0 0.40709998831152916
40000.0 6.0 0.3040999937802553
45000.0 6.0 0.25469999574124813
50000.0 6.0 0.23139999248087406
55000.0 6.0 0.22300000116229057
60000.0 6.0 0.22760000173002481
3750.0 6.25 1.1105000227689743
4000.0 6.25 1.2765999510884285
4250.0 6.25 1.4166000187397003
4500.0 6.25 1.4998000357300043
4750.0 6.25 1.5975000421749428
5000.0 6.25 1.5933000165969133
5250.0 6.25 1.472899972461164
5500.0 6.25 1.388200017157942
5750.0 6.25 1.3023000243119895
6000.0 6.25 1.2283999933861196
6250.0 6.25 1.1704999720677733
6500.0 6.25 1.1099999900907278
7000.0 6.25 1.0656000413000584
7500.0 6.25 1.0227999612689018
8000.0 6.25 0.9904000218957663
8500.0 6.25 0.9577000122517347
9000.0 6.25 0.9106000289320946
9500.0 6.25 0.8339000009000301
10000.0 6.25 0.7106999792158604
10500.0 6.25 0.6041999887675047
11000.0 6.25 0.5356000289320946
11500.0 6.25 0.49240001756697893
12000.0 6.25 0.46670000348240137
12500.0 6.25 0.45020001009106636
13000.0 6.25 0.4375999947078526
13500.0 6.25 0.428300014231354
14000.0 6.25 0.42180001153610647
14500.0 6.25 0.41719999979250133
15000.0 6.25 0.4136000082362443
15500.0 6.25 0.41100000380538404
16000.0 6.25 0.4091999997617677
16500.0 6.25 0.40780000254744664
17000.0 6.25 0.40689999877940863
20000.0 6.25 0.4152999852231005
25000.0 6.25 0.4496000046492554
30000.0 6.25 0.47689998894929886
35000.0 6.25 0.40579999703913927
40000.0 6.25 0.30330001283437014
45000.0 6.25 0.2565000131726265
50000.0 6.25 0.234799993224442
55000.0 6.25 0.21750000026077032
60000.0 6.25 0.20189999602735043
3750.0 6.5 1.0620000213384628
4000.0 6.5 1.2316999919712543
4250.0 6.5 1.3770999498665333
4500.0 6.5 1.469600043259561
4750.0 6.5 1.5754999439232051
5000.0 6.5 1.5844999731052667
5250.0 6.5 1.4721999978646636
5500.0 6.5 1.388500053435564
5750.0 6.5 1.3074999866075814
6000.0 6.5 1.2319999479223043
6250.0 6.5 1.1700999976601452
6500.0 6.5 1.1042999736964703
7000.0 6.5 1.0572000574320555
7500.0 6.5 1.0114999562501907
8000.0 6.5 0.978900009766221
8500.0 6.5 0.947699973359704
9000.0 6.5 0.9069000035524368
9500.0 6.5 0.8399000018835068
10000.0 6.5 0.7389999739825726
10500.0 6.5 0.623699989169836
11000.0 6.5 0.5394999962300062
11500.0 6.5 0.5032000252977014
12000.0 6.5 0.4725999999791384
12500.0 6.5 0.45419998560100794
13000.0 6.5 0.44089999003335834
13500.0 6.5 0.4305999856442213
14000.0 6.5 0.42330001248046756
14500.0 6.5 0.41829999070614576
15000.0 6.5 0.4144999922718853
15500.0 6.5 0.41150001087225974
16000.0 6.5 0.40960000350605696
16500.0 6.5 0.40819998970255256
17000.0 6.5 0.40690000890754163
20000.0 6.5 0.4154000052076299
25000.0 6.5 0.4495999979044427
30000.0 6.5 0.4760000113165006
35000.0 6.5 0.4038999890908599
40000.0 6.5 0.3020999887958169
45000.0 6.5 0.2549000084400177
50000.0 6.5 0.2305000051856041
55000.0 6.5 0.21330000273883343
60000.0 6.5 0.20070000737905502
3750.0 6.75 1.0205000266432762
4000.0 6.75 1.1884999722242355
4250.0 6.75 1.3367999717593193
4500.0 6.75 1.4388000536710024
4750.0 6.75 1.5522999870590866
5000.0 6.75 1.5701000071130693
5250.0 6.75 1.469500029925257
5500.0 6.75 1.3922999915666878
5750.0 6.75 1.3127999485004693
6000.0 6.75 1.2361999659333378
6250.0 6.75 1.1703000008128583
6500.0 6.75 1.0999000509036705
7000.0 6.75 1.0495000169612467
7500.0 6.75 1.001099981367588
8000.0 6.75 0.9672999810427427
8500.0 6.75 0.9366999752819538
9000.0 6.75 0.9010000079870224
9500.0 6.75 0.8434000015258789
10000.0 6.75 0.759399987757206
10500.0 6.75 0.6434999890625477
11000.0 6.75 0.5511999921873212
11500.0 6.75 0.5054000038653612
12000.0 6.75 0.48079998698085546
12500.0 6.75 0.4584999978542328
13000.0 6.75 0.4445999888703227
13500.0 6.75 0.43380001094192266
14000.0 6.75 0.42540001031011343
14500.0 6.75 0.41980000492185354
15000.0 6.75 0.415499996393919
15500.0 6.75 0.41229999507777393
16000.0 6.75 0.4103000140748918
16500.0 6.75 0.40869999676942825
17000.0 6.75 0.4071000092662871
20000.0 6.75 0.41569998557679355
25000.0 6.75 0.4497999978993903
30000.0 6.75 0.47500001063599484
35000.0 6.75 0.40180001128464937
40000.0 6.75 0.3007999947294593
45000.0 6.75 0.2537000011652708
50000.0 6.75 0.2304999977350235
55000.0 6.75 0.2096000025048852
60000.0 6.75 0.19110000506043434
3750.0 7.0 0.9849000051617622
4000.0 7.0 1.147400014102459
4250.0 7.0 1.2957999780774117
4500.0 7.0 1.4064000211656094
4750.0 7.0 1.5253999596461654
5000.0 7.0 1.5561999850906432
5250.0 7.0 1.4699999862350523
5500.0 7.0 1.3921999810263515
5750.0 7.0 1.315500041935593
6000.0 7.0 1.2409999973606318
6250.0 7.0 1.1735000413609669
6500.0 7.0 1.0976000329828821
7000.0 7.0 1.043500036932528
7500.0 7.0 0.9912000298500061
8000.0 7.0 0.9554000124335289
8500.0 7.0 0.9256000202149153
9000.0 7.0 0.892299996688962
9500.0 7.0 0.8437000066041946
10000.0 7.0 0.7687999978661537
10500.0 7.0 0.6737000197172165
11000.0 7.0 0.5680000130087137
11500.0 7.0 0.5000000158324838
12000.0 7.0 0.4841000083833933
12500.0 7.0 0.46510001458227634
13000.0 7.0 0.4475999940186739
13500.0 7.0 0.43660000897943974
14000.0 7.0 0.4291000124067068
14500.0 7.0 0.4220000063069165
15000.0 7.0 0.41680001048371196
15500.0 7.0 0.4132999856956303
16000.0 7.0 0.4108999981544912
16500.0 7.0 0.4092999941203743
17000.0 7.0 0.4072999998461455
20000.0 7.0 0.415899985935539
25000.0 7.0 0.45020000467047794
30000.0 7.0 0.47380001336568967
35000.0 7.0 0.3995000070426613
40000.0 7.0 0.29910000041127205
45000.0 7.0 0.252099989913404
50000.0 7.0 0.2251999955624342
55000.0 7.0 0.20549999829381704
60000.0 7.0 0.19850000366568565
3750.0 7.25 0.9573999792337418
4000.0 7.25 1.109600055962801
4250.0 7.25 1.255200032144785
4500.0 7.25 1.3720999974757433
4750.0 7.25 1.4954999815672636
5000.0 7.25 1.5417999495984986
5250.0 7.25 1.4698000421049073
5500.0 7.25 1.3917000066721812
5750.0 7.25 1.3180000358261168
6000.0 7.25 1.2457000483991578
6250.0 7.25 1.1771999431584845
6500.0 7.25 1.0972000058973208
7000.0 7.25 1.0386999815236777
7500.0 7.25 0.9815000249072909
8000.0 7.25 0.9431000193580985
8500.0 7.25 0.9136999752372503
9000.0 7.25 0.8833000045269728
9500.0 7.25 0.8411999754607677
10000.0 7.25 0.7749999891966581
10500.0 7.25 0.6930999886244535
11000.0 7.25 0.5943000018596649
11500.0 7.25 0.5092999949119985
12000.0 7.25 0.47289999946951866
12500.0 7.25 0.4687999999150634
13000.0 7.25 0.4536999873816967
13500.0 7.25 0.440100003965199
14000.0 7.25 0.43139998707920313
14500.0 7.25 0.42450000438839197
15000.0 7.25 0.4177000019699335
15500.0 7.25 0.41470000008121133
16000.0 7.25 0.4120000055991113
16500.0 7.25 0.4100999948568642
17000.0 7.25 0.4079000102356076
20000.0 7.25 0.4164999930653721
25000.0 7.25 0.45079998841538327
30000.0 7.25 0.47299999301321805
35000.0 7.25 0.39700000267475843
40000.0 7.25 0.2975000096485019
45000.0 7.25 0.24990000249817967
50000.0 7.25 0.2235999945551157
55000.0 7.25 0.20879999455064535
60000.0 7.25 0.20169999450445175
3750.0 7.5 0.9374999776482582
4000.0 7.5 1.075600028038025
4250.0 7.5 1.2152000553905964
4500.0 7.5 1.3365999795496464
4750.0 7.5 1.4629999650642276
5000.0 7.5 1.5242999792099
5250.0 7.5 1.4702999727451243
5500.0 7.5 1.392500026318885
5750.0 7.5 1.3190000389149645
6000.0 7.5 1.2493000362446764
6250.0 7.5 1.1822000440442935
6500.0 7.5 1.0976000421214849
7000.0 7.5 1.035199953126721
7500.0 7.5 0.973599984543398
8000.0 7.5 0.9321000138297677
8500.0 7.5 0.9020000156015158
9000.0 7.5 0.8724000230431557
9500.0 7.5 0.8362000249326229
10000.0 7.5 0.7799999807029963
10500.0 7.5 0.7032000049948692
11000.0 7.5 0.6243000142276287
11500.0 7.5 0.5313999922946095
12000.0 7.5 0.4654000137379626
12500.0 7.5 0.45790000446140766
13000.0 7.5 0.45749998558312654
13500.0 7.5 0.44550001341849566
14000.0 7.5 0.43400001246482134
14500.0 7.5 0.4239999884739518
15000.0 7.5 0.42209998704493046
15500.0 7.5 0.419699992518872
16000.0 7.5 0.41339998645707965
16500.0 7.5 0.41119999857619405
17000.0 7.5 0.4086000076495111
20000.0 7.5 0.41730000358074903
25000.0 7.5 0.4520000087286462
30000.0 7.5 0.4722999893128872
35000.0 7.5 0.3947000147309154
40000.0 7.5 0.2960000056773424
45000.0 7.5 0.24879998853430152
50000.0 7.5 0.22310000471770763
55000.0 7.5 0.20500000473111868
60000.0 7.5 0.19250000081956387
3750.0 7.75 0.9249999970197678
4000.0 7.75 1.0446000322699547
4250.0 7.75 1.176100019365549
4500.0 7.75 1.3003000505268574
4750.0 7.75 1.4271999467164278
5000.0 7.75 1.5028000436723232
5250.0 7.75 1.4705999727011658
5500.0 7.75 1.395499947713688
5750.0 7.75 1.3201999724842608
6000.0 7.75 1.2515999637544155
6250.0 7.75 1.1859999458538368
6500.0 7.75 1.0991000556387007
7000.0 7.75 1.033100054366514
7500.0 7.75 0.9666000076394994
8000.0 7.75 0.9220999763347208
8500.0 7.75 0.8894000165164471
9000.0 7.75 0.8612999748438597
9500.0 7.75 0.8294000253081322
10000.0 7.75 0.7810000013560057
10500.0 7.75 0.7121999841183424
11000.0 7.75 0.6387000288814306
11500.0 7.75 0.565100010484457
12000.0 7.75 0.4821999906562269
12500.0 7.75 0.4380000064847991
13000.0 7.75 0.44719998724758625
13500.0 7.75 0.44870001170784235
14000.0 7.75 0.4396999916061759
14500.0 7.75 0.4296000003814697
15000.0 7.75 0.42309999465942383
15500.0 7.75 0.42009999975562096
16000.0 7.75 0.41709998855367303
16500.0 7.75 0.41279999632388353
17000.0 7.75 0.4095999952405691
20000.0 7.75 0.4184999908320606
25000.0 7.75 0.45329998939996585
30000.0 7.75 0.4717000055825338
35000.0 7.75 0.3922000138554722
40000.0 7.75 0.29430000158026814
45000.0 7.75 0.24670000420883298
50000.0 7.75 0.22000000160187483
55000.0 7.75 0.20569999516010284
60000.0 7.75 0.20229999534785748
3750.0 8.0 0.9010000005364418
4000.0 8.0 1.0118000283837318
4250.0 8.0 1.1381999589502811
4500.0 8.0 1.263599954545498
4750.0 8.0 1.3887999411672354
5000.0 8.0 1.4775999544654042
5250.0 8.0 1.4697999954223633
5500.0 8.0 1.399200051673688
5750.0 8.0 1.3231000495143235
6000.0 8.0 1.2535000136122108
6250.0 8.0 1.1889000227674842
6500.0 8.0 1.1014000496361405
7000.0 8.0 1.0324999610893428
7500.0 8.0 0.9612999982200563
8000.0 8.0 0.9129000115208328
8500.0 8.0 0.8781000105664134
9000.0 8.0 0.849900022149086
9500.0 8.0 0.820499973371625
10000.0 8.0 0.7801999803632498
10500.0 8.0 0.7188000101596117
11000.0 8.0 0.6479000095278025
11500.0 8.0 0.5867999792098999
12000.0 8.0 0.5159999961033463
12500.0 8.0 0.4446000107564032
13000.0 8.0 0.42190000019036233
13500.0 8.0 0.43879999686032534
14000.0 8.0 0.4422999992966652
14500.0 8.0 0.43570000026375055
15000.0 8.0 0.4247999954968691
15500.0 8.0 0.4200000036507845
16000.0 8.0 0.42080000787973404
16500.0 8.0 0.41639998834580183
17000.0 8.0 0.41089999908581376
20000.0 8.0 0.4200000115670264
25000.0 8.0 0.45490000664722174
30000.0 8.0 0.4712999954354018
35000.0 8.0 0.38970001274719834
40000.0 8.0 0.29290000069886446
45000.0 8.0 0.24579999689012766
50000.0 8.0 0.2195999943651259
55000.0 8.0 0.20539999566972256
60000.0 8.0 0.19620000291615725
3750.0 8.25 0.890099972486496
4000.0 8.25 0.9853000268340111
4250.0 8.25 1.101399965584278
4500.0 8.25 1.2275000400841236
4750.0 8.25 1.347300000488758
5000.0 8.25 1.4472999528516084
5250.0 8.25 1.467599991010502
5500.0 8.25 1.403200000175275
5750.0 8.25 1.3277000144589692
6000.0 8.25 1.2558000436984003
6250.0 8.25 1.1914000362157822
6500.0 8.25 1.1045000073499978
7000.0 8.25 1.032900033518672
7500.0 8.25 0.956899982644245
8000.0 8.25 0.9047000076243421
8500.0 8.25 0.8669999791309237
9000.0 8.25 0.8381999935954809
9500.0 8.25 0.8105999790132046
10000.0 8.25 0.7757000103592873
10500.0 8.25 0.7239000182598829
11000.0 8.25 0.6573999784886837
11500.0 8.25 0.5970999896526337
12000.0 8.25 0.5462999921292067
12500.0 8.25 0.4775999994017184
13000.0 8.25 0.4172000056132674
13500.0 8.25 0.41099999542348087
14000.0 8.25 0.43109999038279057
14500.0 8.25 0.4368000142276287
15000.0 8.25 0.43090000469237566
15500.0 8.25 0.4182000095024705
16000.0 8.25 0.41959998942911625
16500.0 8.25 0.4281000029295683
17000.0 8.25 0.4134000074118376
20000.0 8.25 0.42160000232979655
25000.0 8.25 0.4567999975406565
30000.0 8.25 0.4710000018822029
35000.0 8.25 0.3872000117553398
40000.0 8.25 0.2915000035427511
45000.0 8.25 0.24439999647438526
50000.0 8.25 0.21790000703185797
55000.0 8.25 0.2027999935671687
60000.0 8.25 0.19150000717490911
3750.0 8.5 0.880200020968914
4000.0 8.5 0.9596000090241432
4250.0 8.5 1.0658999644219875
4500.0 8.5 1.1910999417304993
4750.0 8.5 1.3006999623030424
5000.0 8.5 1.4144000164233148
5250.0 8.5 1.4651000228477642
5500.0 8.5 1.4058999713743106
5750.0 8.5 1.3341000534128398
6000.0 8.5 1.2610000586137176
6250.0 8.5 1.1936000497080386
6500.0 8.5 1.1067000040784478
7000.0 8.5 1.0334000196307898
7500.0 8.5 0.9539000038057566
8000.0 8.5 0.8973999975714833
8500.0 8.5 0.8569000272545964
9000.0 8.5 0.8269999981857836
9500.0 8.5 0.8001000136137009
10000.0 8.5 0.7696999814361334
10500.0 8.5 0.7261000089347363
11000.0 8.5 0.6659999787807465
11500.0 8.5 0.6062000058591366
12000.0 8.5 0.559599987231195
12500.0 8.5 0.5139999818056822
13000.0 8.5 0.44840000616386533
13500.0 8.5 0.3980999868363142
14000.0 8.5 0.4004999971948564
14500.0 8.5 0.4236999866552651
15000.0 8.5 0.4337999923154712
15500.0 8.5 0.431300007738173
16000.0 8.5 0.4256000081077218
16500.0 8.5 0.4189999867230654
17000.0 8.5 0.41359999775886536
20000.0 8.5 0.42440001014620066
25000.0 8.5 0.4591000083601102
30000.0 8.5 0.4710000117775053
35000.0 8.5 0.38480001082643867
40000.0 8.5 0.29010000615380704
45000.0 8.5 0.24219999695196748
50000.0 8.5 0.2155000027269125
55000.0 8.5 0.20449999580159783
60000.0 8.5 0.19929999532178044
3750.0 8.75 0.8676000013947487
4000.0 8.75 0.9343000054359436
4250.0 8.75 1.0312999747693539
4500.0 8.75 1.1545999497175217
4750.0 8.75 1.2531999666243792
5000.0 8.75 1.3788000093773007
5250.0 8.75 1.4595000171102583
5500.0 8.75 1.4066000543534756
5750.0 8.75 1.3403999730944633
6000.0 8.75 1.2673999452963471
6250.0 8.75 1.1980000343173742
6500.0 8.75 1.1097000311128795
7000.0 8.75 1.0346999866887927
7500.0 8.75 0.9514999724924564
8000.0 8.75 0.8912000176496804
8500.0 8.75 0.8488000232027844
9000.0 8.75 0.8160999994724989
9500.0 8.75 0.7885000016540289
10000.0 8.75 0.7621999764814973
10500.0 8.75 0.7262000013142824
11000.0 8.75 0.6734999772161245
11500.0 8.75 0.6153999790549278
12000.0 8.75 0.5686999708414078
12500.0 8.75 0.5315999956801534
13000.0 8.75 0.48889999743551016
13500.0 8.75 0.4274000031873584
14000.0 8.75 0.3845999911427498
14500.0 8.75 0.39259999245405197
15000.0 8.75 0.4156999987317249
15500.0 8.75 0.42640000488609076
16000.0 8.75 0.4246999891474843
16500.0 8.75 0.4200000064447522
17000.0 8.75 0.41699998918920755
20000.0 8.75 0.42779999505728483
25000.0 8.75 0.4605000058654696
30000.0 8.75 0.4700000083539635
35000.0 8.75 0.3823999965097755
40000.0 8.75 0.2883999957703054
45000.0 8.75 0.24060000153258443
50000.0 8.75 0.21450000209733844
55000.0 8.75 0.20230000279843807
60000.0 8.75 0.19179999455809593
3750.0 9.0 0.861799992620945
4000.0 9.0 0.9120999947190285
4250.0 9.0 0.9977999851107597
4500.0 9.0 1.120399959385395
4750.0 9.0 1.2015000358223915
5000.0 9.0 1.3369999434798956
5250.0 9.0 1.452700000954792
5500.0 9.0 1.405900043901056
5750.0 9.0 1.34560003480874
6000.0 9.0 1.2755999746732414
6250.0 9.0 1.2045999905094504
6500.0 9.0 1.113100055605173
7000.0 9.0 1.0368999671190977
7500.0 9.0 0.9500000206753612
8000.0 9.0 0.8859999747946858
8500.0 9.0 0.8405999860260636
9000.0 9.0 0.8055999979842454
9500.0 9.0 0.7785000000149012
10000.0 9.0 0.754100008867681
10500.0 9.0 0.7232999987900257
11000.0 9.0 0.6787999868392944
11500.0 9.0 0.6239999877288938
12000.0 9.0 0.5762000195682049
12500.0 9.0 0.541300025768578
13000.0 9.0 0.510499999858439
13500.0 9.0 0.4697999855852686
14000.0 9.0 0.41180000826716423
14500.0 9.0 0.3745000120252371
15000.0 9.0 0.3840999975800514
15500.0 9.0 0.4058000068180263
16000.0 9.0 0.419999991543591
16500.0 9.0 0.4182000085711479
17000.0 9.0 0.42200001375749707
20000.0 9.0 0.4303000089712441
25000.0 9.0 0.4638000066042878
30000.0 9.0 0.47099999198690057
35000.0 9.0 0.3795999891590327
40000.0 9.0 0.2864999915473163
45000.0 9.0 0.23959999438375235
50000.0 9.0 0.21339999325573444
55000.0 9.0 0.2024000072851777
60000.0 9.0 0.1901999986730516
3750.0 9.25 0.8643000051379204
4000.0 9.25 0.8947000205516815
4250.0 9.25 0.9659000039100647
4500.0 9.25 1.0827999711036682
4750.0 9.25 1.1475999988615513
5000.0 9.25 1.3036999963223934
5250.0 9.25 1.4435999910347164
5500.0 9.25 1.4027999928221107
5750.0 9.25 1.348099956056103
6000.0 9.25 1.2839000045787543
6250.0 9.25 1.2137000504881144
6500.0 9.25 1.1182999843731523
7000.0 9.25 1.0395000465214252
7500.0 9.25 0.9496000139042735
8000.0 9.25 0.8821000028401613
8500.0 9.25 0.8332000053487718
9000.0 9.25 0.7960999767528847
9500.0 9.25 0.7682000012136996
10000.0 9.25 0.7439000243321061
10500.0 9.25 0.7181000160053372
11000.0 9.25 0.6815999802201986
11500.0 9.25 0.6325999712571502
12000.0 9.25 0.5845000222325325
12500.0 9.25 0.5483999913558364
13000.0 9.25 0.5214999872259796
13500.0 9.25 0.49410000909119844
14000.0 9.25 0.4560000121127814
14500.0 9.25 0.4041999988257885
15000.0 9.25 0.36770000122487545
15500.0 9.25 0.36999999545514584
16000.0 9.25 0.39559999108314514
16500.0 9.25 0.41190000012284145
17000.0 9.25 0.4255999969318509
20000.0 9.25 0.5402000099420547
25000.0 9.25 0.4667000076151453
30000.0 9.25 0.4704000046476722
35000.0 9.25 0.37720000476110727
40000.0 9.25 0.2870000146795064
45000.0 9.25 0.2392000036779791
50000.0 9.25 0.21340000675991178
55000.0 9.25 0.20039999391883612
60000.0 9.25 0.18389999773353338
3750.0 9.5 0.8754000291228294
4000.0 9.5 0.8830000013113022
4250.0 9.5 0.9365999773144722
4500.0 9.5 1.0482000187039375
4750.0 9.5 1.1160999424755573
5000.0 9.5 1.2689999751746655
5250.0 9.5 1.4066000303719193
5500.0 9.5 1.4013000018894672
5750.0 9.5 1.349700019462034
6000.0 9.5 1.2900999770499766
6250.0 9.5 1.2229000572115183
6500.0 9.5 1.125800003297627
7000.0 9.5 1.0437000514939427
7500.0 9.5 0.9502999763935804
8000.0 9.5 0.8790999744087458
8500.0 9.5 0.8271000189706683
9000.0 9.5 0.78789999242872
9500.0 9.5 0.7585000094259158
10000.0 9.5 0.7330000186339021
10500.0 9.5 0.7107999753206968
11000.0 9.5 0.6816999791190028
11500.0 9.5 0.6399000193923712
12000.0 9.5 0.5935999946668744
12500.0 9.5 0.5557999736629426
13000.0 9.5 0.5285999863408506
13500.0 9.5 0.5060000037774444
14000.0 9.5 0.4794000000692904
14500.0 9.5 0.4441000106744468
15000.0 9.5 0.4018000140786171
15500.0 9.5 0.3685000017285347
16000.0 9.5 0.3712000008672476
16500.0 9.5 0.3736000144854188
17000.0 9.5 0.5799999870359898
20000.0 9.5 0.7549000084400177
25000.0 9.5 0.3887000037357211
30000.0 9.5 0.4716999882366508
35000.0 9.5 0.37640000373357907
40000.0 9.5 0.28619999438524246
45000.0 9.5 0.23769999621436
50000.0 9.5 0.2081999951042235
55000.0 9.5 0.19480000156909227
60000.0 9.5 0.1917000007815659
