wave flux
90.9000015258789 0.0
93.5 0.0
96.0999984741211 0.0
97.69999694824219 0.0
99.5999984741211 0.0
102.0 0.0
103.80000305175781 0.0
105.5999984741211 0.0
107.69999694824219 0.0
110.4000015258789 0.0
114.0 0.0
117.80000305175781 0.0
121.30000305175781 0.0
124.80000305175781 0.0
127.0999984741211 0.0
128.39999389648438 0.0
130.5 0.0
132.39999389648438 0.0
133.89999389648438 0.0
136.60000610351562 0.0
139.8000030517578 0.0
143.3000030517578 0.0
147.1999969482422 0.0
151.0 0.0
155.1999969482422 0.0
158.8000030517578 0.0
162.0 0.0
166.0 0.0
170.3000030517578 0.0
173.39999389648438 0.0
176.8000030517578 0.0
180.1999969482422 0.0
181.6999969482422 0.0
186.10000610351562 0.0
191.0 0.0
193.89999389648438 0.0
198.39999389648438 0.0
201.8000030517578 0.0
205.0 0.0
210.5 0.0
216.1999969482422 0.0
219.8000030517578 0.0
223.0 0.0
226.8000030517578 0.0
230.0 0.0
234.0 0.0
240.0 0.0
246.5 0.0
252.39999389648438 0.0
256.79998779296875 0.0
260.0 0.0
264.0 0.0
268.5 0.0
273.5 0.0
278.5 0.0
284.0 0.0
290.0 0.0
296.0 0.0
301.0 0.0
308.0 0.0
318.0 0.0
328.0 0.0
338.0 0.0
348.0 0.0
357.0 0.0
366.0 0.0
375.0 0.0
385.0 0.0
395.0 0.0
405.0 0.0
414.0 0.0
422.0 0.0
430.0 0.0
441.0 0.0
451.0 0.0
460.0 0.0
470.0 0.0
480.0 0.0
490.0 0.0
500.0 9.361452958225769e-48
506.0 2.994604369412557e-47
512.0 7.886098632494465e-47
520.0 2.378284941539792e-46
530.0 9.051003226004196e-46
540.0 3.220551940179171e-45
550.0 1.1039595716517414e-44
560.0 3.591162635938722e-44
570.0 1.1177956264391336e-43
580.0 3.3006962547833286e-43
590.0 9.573560508444854e-43
600.0 2.6448861102427564e-42
610.0 7.054916058776567e-42
620.0 1.81791791099054e-41
630.0 4.536526517176066e-41
640.0 1.0983591330758744e-40
650.0 2.5825651483164887e-40
658.0 5.015341435774573e-40
665.0 8.833470520173737e-40
675.0 1.9418118673293622e-39
685.0 4.164870278667548e-39
695.0 8.71894566190231e-39
705.0 1.7802679018325265e-38
716.0 3.824756156218955e-38
726.0 7.485674666824193e-38
735.0 1.346917096483077e-37
745.0 2.5405407332783233e-37
755.0 4.705055297373877e-37
765.0 8.567213550768628e-37
775.0 1.5324707204479382e-36
785.0 2.699443923882212e-36
795.0 4.649242539781501e-36
805.0 7.97055871792086e-36
815.0 1.344054905664074e-35
825.0 2.231425125822544e-35
835.0 3.655635339540702e-35
845.0 5.911737324243954e-35
855.0 9.444169427676253e-35
865.0 1.4901734421161463e-34
875.0 2.3216232902333057e-34
885.0 3.5859111377667835e-34
895.0 5.4733659333232864e-34
905.0 8.26468405110536e-34
915.0 1.6399618926922673e-30
925.0 6.517363524262745e-30
935.0 9.17646597961134e-30
945.0 1.4200622407311536e-29
955.0 2.167995377104836e-29
965.0 3.2586002501072234e-29
975.0 4.4679239046140205e-29
985.0 6.46760022871538e-29
995.0 9.106017881513587e-29
1005.0 1.352191417666316e-28
1015.0 1.861740038402886e-28
1025.0 2.4167430406705237e-28
1035.0 3.661430338687655e-28
1045.0 5.128380691917361e-28
1055.0 6.666327608573142e-28
1065.0 9.201264722693124e-28
1075.0 1.2465441992724002e-27
1085.0 1.678753162899007e-27
1095.0 2.1459104191679682e-27
1105.0 3.4278383409427815e-27
1115.0 5.4254712610007525e-27
1125.0 7.345792967139499e-27
1135.0 1.0250418421225446e-26
1145.0 1.3370794259061195e-26
1155.0 1.6563394637775927e-26
1165.0 2.1943886123732775e-26
1175.0 2.820812403567905e-26
1185.0 3.4046273923131777e-26
1195.0 3.7117927000177865e-26
1205.0 4.2806584913470625e-26
1215.0 3.240600525003149e-26
1225.0 6.459124364495638e-26
1235.0 9.603855515091503e-26
1245.0 1.230478568707411e-25
1255.0 1.4836154819491165e-25
1265.0 1.7818288581566701e-25
1275.0 2.1803646109962985e-25
1285.0 2.593926535120032e-25
1295.0 3.2235203868537836e-25
1305.0 3.750266434169568e-25
1315.0 4.688275570440544e-25
1325.0 5.373449149174253e-25
1335.0 6.498040529787684e-25
1345.0 7.781455477486834e-25
1355.0 9.47060660618762e-25
1365.0 1.1037091377036771e-24
1375.0 1.3080127704805947e-24
1385.0 1.5403313426182236e-24
1395.0 1.8232888520552492e-24
1405.0 2.2022494063011156e-24
1415.0 2.602818851230897e-24
1425.0 3.033381320006571e-24
1435.0 3.6015241809178604e-24
1442.0 4.227577411353391e-24
1447.0 4.405786818800361e-24
1455.0 5.0562459066087395e-24
1465.0 6.0174330672487564e-24
1475.0 6.697007674456159e-24
1485.0 7.884397278096427e-24
1495.0 9.607461436741764e-24
1505.0 1.1365990774218732e-23
1512.0 1.1691510822750736e-23
1517.0 1.3341911904961238e-23
1525.0 1.6304288912959393e-23
1535.0 5.292242659320837e-23
1545.0 6.31697247740869e-23
1555.0 1.05948327618433e-22
1565.0 1.0271826628323984e-22
1575.0 2.1237815494138965e-22
1585.0 2.615391526251358e-22
1595.0 3.0706592148432145e-22
1605.0 3.410296224560974e-22
1615.0 3.785323751924863e-22
1625.0 4.305065497501449e-22
1635.0 5.271222687863551e-22
1645.0 7.711307247827308e-22
1655.0 5.324860556225346e-22
1665.0 9.263184082401902e-22
1672.0 6.4498180810324975e-22
1677.0 1.166287101147348e-21
1685.0 2.1256350273091535e-21
1695.0 3.396367542571519e-21
1705.0 4.162151638027375e-21
1715.0 3.968274430871722e-21
1725.0 5.261945599527918e-21
1735.0 6.25405258877819e-21
1745.0 8.668839484647962e-21
1755.0 1.1527624589609796e-20
1765.0 1.0689376409450003e-20
1775.0 1.1674234777572609e-20
1785.0 1.5716052878996278e-20
1795.0 1.7429301355139786e-20
1805.0 2.0051777602497842e-20
1815.0 1.9240418092060406e-20
1825.0 2.4028766867625008e-20
1835.0 2.5883615364063396e-20
1845.0 1.958794486992481e-20
1855.0 2.7516716102264004e-20
1865.0 3.2874490251670893e-20
1875.0 3.5669746178385455e-20
1885.0 3.8801688447893374e-20
1895.0 5.0063527933079536e-20
1905.0 4.8398742514568525e-20
1915.0 5.45821261808127e-20
1925.0 5.658593133588225e-20
1935.0 3.8553362112922894e-20
1945.0 7.127768649175226e-20
1955.0 7.550851561754363e-20
1967.0 9.612051484748183e-20
1976.0 9.451730838555722e-20
1984.0 9.951314237470081e-20
1995.0 1.0442590058833903e-19
2005.0 1.0485452988396594e-19
2015.0 1.1690059961963739e-19
2025.0 9.602432956810787e-20
2035.0 1.2896924303147804e-19
2045.0 1.4706423111371428e-19
2055.0 1.539974366696855e-19
2065.0 1.54375280016123e-19
2074.0 1.5965477247487165e-19
2078.0 1.9094721688441935e-19
2085.0 1.9824766253431805e-19
2095.0 2.811254086503066e-19
2105.0 5.338982404521585e-19
2115.0 7.168252964469301e-19
2125.0 5.935538994234972e-19
2135.0 6.664260092699923e-19
2145.0 9.216309916453724e-19
2155.0 8.403497007491866e-19
2165.0 7.569271898713739e-19
2175.0 7.340068316126008e-19
2185.0 1.1110938444354183e-18
2195.0 1.0724368213332446e-18
2205.0 1.0587875749784713e-18
2215.0 7.599039829886525e-19
2225.0 1.0728913117332154e-18
2235.0 1.6752897573725163e-18
2245.0 1.594875320989573e-18
2255.0 1.1574118058133914e-18
2265.0 9.240934820072332e-19
2275.0 1.0557425069702154e-18
2285.0 1.7530777294938258e-18
2295.0 1.2507132722967588e-18
2305.0 1.6719014101387612e-18
2315.0 1.4835341909950508e-18
2325.0 1.4236834499570511e-18
2335.0 1.3193103883083879e-18
2345.0 8.454122799407956e-19
2355.0 1.6552989296978964e-18
2365.0 1.0301283727891002e-18
2375.0 1.3139303790933584e-18
2385.0 8.52812300161007e-19
2395.0 1.0959100891239281e-18
2405.0 1.1853230800318356e-18
2415.0 1.2043502968645617e-18
2425.0 2.1839594797774307e-18
2435.0 2.283659213171002e-18
2445.0 2.9554478576419655e-18
2455.0 3.1944796317377715e-18
2465.0 2.4706019174979e-18
2475.0 2.144333253666586e-18
2485.0 8.884556777377667e-19
2495.0 1.4214623371554764e-18
2505.0 2.23871533305891e-18
2513.0 1.2199808653229408e-18
2518.0 8.741259227959678e-19
2525.0 8.667034827115294e-19
2535.0 1.2991967202868012e-18
2545.0 1.6541144980936937e-18
2555.0 4.2053213267566386e-18
2565.0 3.567919745186437e-18
2575.0 5.6466844800410395e-18
2585.0 5.178624494536372e-18
2595.0 4.627022236206321e-18
2605.0 3.739901153263882e-18
2615.0 3.396457261811873e-18
2625.0 4.919794706578164e-18
2635.0 1.1200324660116525e-17
2645.0 1.4685747362421092e-17
2655.0 2.3516666588245678e-17
2665.0 1.2610074539026756e-17
2675.0 1.46764000028222e-17
2685.0 1.8876277046275017e-17
2695.0 1.1752972323549886e-17
2705.0 1.6012318339777146e-17
2715.0 1.0170576353024875e-17
2725.0 6.126532353074841e-18
2735.0 9.013885600966641e-18
2745.0 5.066640861188704e-18
2755.0 7.664293706999307e-18
2765.0 1.0885064594430284e-17
2775.0 1.0790078109567325e-17
2785.0 5.637190589096263e-18
2795.0 2.4197542931742514e-18
2805.0 3.0584935287314416e-18
2815.0 9.254262404874093e-18
2825.0 1.4181593128618116e-17
2835.0 1.1203272589845247e-17
2845.0 5.560293464697596e-18
2855.0 2.714251093013712e-18
2865.0 8.406639979839746e-18
2875.0 1.6974016638919254e-17
2885.0 1.6625247975668838e-17
2895.0 2.400444743147906e-17
2910.0 3.374980409727812e-17
2930.0 2.994981857166138e-17
2950.0 2.768707777029088e-17
2970.0 2.8531501125412583e-17
2990.0 2.8530741735007894e-17
3010.0 2.6919149306486636e-17
3030.0 3.1783212233782694e-17
3050.0 3.3054373468504715e-17
3070.0 3.747400466889458e-17
3090.0 3.354012738240567e-17
3110.0 4.178295214886587e-17
3130.0 3.7922089057846474e-17
3150.0 3.7234705193548737e-17
3170.0 4.153978099821474e-17
3190.0 3.618848123045941e-17
3210.0 3.967958932286235e-17
3230.0 3.2295372337128786e-17
3250.0 4.813657896989132e-17
3270.0 5.87622491184058e-17
3290.0 5.704288425473592e-17
3310.0 5.18518593782743e-17
3330.0 5.3236562794689406e-17
3350.0 5.094900834498347e-17
3370.0 3.6148343282580305e-17
3390.0 4.2890366910807926e-17
3410.0 4.399965887109014e-17
3430.0 4.750804876694917e-17
3450.0 4.9191199601980314e-17
3470.0 5.1792564692816707e-17
3490.0 5.911715773666767e-17
3510.0 6.260620962446964e-17
3530.0 5.620239952163411e-17
3550.0 6.658206560423022e-17
3570.0 4.369747733904074e-17
3590.0 4.545470905698976e-17
3610.0 5.656439944760232e-17
3630.0 5.800275914537924e-17
3640.0 5.946464428560907e-17
3650.0 6.911785315072316e-17
3670.0 7.286561594159515e-17
3690.0 6.764488281128992e-17
3710.0 7.101650354747963e-17
3730.0 4.580466472386905e-17
3750.0 5.2875085836744786e-17
3770.0 6.77798547525502e-17
3790.0 6.881265261656177e-17
3810.0 6.359754112914916e-17
3830.0 3.474850844587469e-17
3850.0 4.679345886044741e-17
3870.0 4.627654048946677e-17
3890.0 6.215069284840929e-17
3910.0 7.57898302439336e-17
3930.0 3.8467727381867465e-17
3950.0 6.801412316363807e-17
3970.0 4.7049021732038755e-17
3990.0 9.730709307321368e-17
4010.0 1.0500789731472158e-16
4030.0 1.0269175001746516e-16
4050.0 9.793114231659099e-17
4070.0 9.401234068822058e-17
4090.0 1.1249975169133228e-16
4110.0 1.0982170690997826e-16
4130.0 1.0664956722122797e-16
4150.0 1.0415528833141442e-16
4170.0 1.0678118275611584e-16
4190.0 1.0029083394272476e-16
4210.0 1.0413702745499417e-16
4230.0 1.0016585253293182e-16
4250.0 1.0219847288736816e-16
4270.0 9.423967649904383e-17
4290.0 8.526849902673005e-17
4310.0 7.129662375255288e-17
4330.0 1.0884082422116753e-16
4350.0 1.0452139249020807e-16
4370.0 1.1429306102508362e-16
4390.0 1.022884872167681e-16
4410.0 1.1196176135932392e-16
4430.0 1.2228030068706216e-16
4450.0 1.2125198149873106e-16
4470.0 1.2942393208667292e-16
4490.0 1.3178512386422583e-16
4510.0 1.465504134942379e-16
4530.0 1.3141260392186348e-16
4550.0 1.3697950343041152e-16
4570.0 1.4586101387132297e-16
4590.0 1.3798224117343855e-16
4610.0 1.414716823891991e-16
4630.0 1.397031292166667e-16
4650.0 1.4095860122440275e-16
4670.0 1.45406735988407e-16
4690.0 1.426445294363139e-16
4710.0 1.3771191045187e-16
4730.0 1.4400392420753992e-16
4750.0 1.4706383907159677e-16
4770.0 1.476710178193313e-16
4790.0 1.4720055464439724e-16
4810.0 1.4576330800470371e-16
4830.0 1.4842611556897427e-16
4850.0 1.404052805792878e-16
4870.0 1.265913365966753e-16
4890.0 1.409236811014696e-16
4910.0 1.4117178811947803e-16
4930.0 1.3805889169528967e-16
4950.0 1.443663015929384e-16
4970.0 1.4551762543132208e-16
4990.0 1.3540940414911574e-16
5010.0 1.2930167760788096e-16
5030.0 1.373933968473171e-16
5050.0 1.3726968023541704e-16
5070.0 1.4316128449504824e-16
5090.0 1.3700262048605813e-16
5110.0 1.3942740074662966e-16
5130.0 1.3606787899758325e-16
5150.0 1.3045879635627418e-16
5170.0 1.1349917109148483e-16
5190.0 1.1685473831001293e-16
5210.0 1.3222584432752163e-16
5230.0 1.3609998238842328e-16
5250.0 1.4148929538038963e-16
5270.0 1.236750751386783e-16
5290.0 1.4075729271510937e-16
5310.0 1.468994589021615e-16
5330.0 1.3093300373917268e-16
5350.0 1.4193758955012193e-16
5370.0 1.416063704386101e-16
5390.0 1.3966127785252387e-16
5410.0 1.3495931093217867e-16
5430.0 1.38742476033833e-16
5450.0 1.4300265112370812e-16
5470.0 1.4039112646019568e-16
5490.0 1.3964033146948223e-16
5510.0 1.3950961564622563e-16
5530.0 1.411960467600033e-16
5550.0 1.4338749235323744e-16
5570.0 1.389312248837828e-16
5590.0 1.3553925543554395e-16
5610.0 1.407260616707817e-16
5630.0 1.4121552756655427e-16
5650.0 1.4126907827297359e-16
5670.0 1.3795829137547315e-16
5690.0 1.4020362905278432e-16
5710.0 1.3693893356838687e-16
5730.0 1.4606381373330214e-16
5750.0 1.4135764253136365e-16
5770.0 1.4281934573156507e-16
5790.0 1.3824909049640356e-16
5810.0 1.420527404273112e-16
5830.0 1.4430895395577953e-16
5850.0 1.407563323231286e-16
5870.0 1.4101413778713008e-16
5890.0 1.2744368851074614e-16
5910.0 1.3949444165003771e-16
5930.0 1.3939481243819265e-16
5950.0 1.3965360057623277e-16
5970.0 1.4022056849829565e-16
5990.0 1.3873708293844e-16
6010.0 1.363648427506376e-16
6030.0 1.3709922266919224e-16
6050.0 1.3971552542712666e-16
6070.0 1.3869685194416606e-16
6090.0 1.351989980791631e-16
6110.0 1.3435171417247393e-16
6130.0 1.2901838983533903e-16
6150.0 1.3166003821376987e-16
6170.0 1.2631431470720948e-16
6190.0 1.3370051443723604e-16
6210.0 1.3402009002485845e-16
6230.0 1.3024699288918635e-16
6250.0 1.266728916615872e-16
6270.0 1.31748460781321e-16
6290.0 1.324320693595469e-16
6310.0 1.2845351745356378e-16
6330.0 1.2897332059932324e-16
6350.0 1.293720329276854e-16
6370.0 1.2882720622485314e-16
6390.0 1.2977745223153387e-16
6410.0 1.2662332925780748e-16
6430.0 1.2798141827296183e-16
6450.0 1.2635201158456684e-16
6470.0 1.2584017431777044e-16
6490.0 1.240926471255915e-16
6510.0 1.2711498216554689e-16
6530.0 1.2721404174446875e-16
6550.0 1.2407675770397333e-16
6570.0 1.139564255436719e-16
6590.0 1.2459069153417468e-16
6610.0 1.2605343528714122e-16
6630.0 1.2494446132622822e-16
6650.0 1.2464121386507584e-16
6670.0 1.2302175212249843e-16
6690.0 1.2489107525098292e-16
6710.0 1.2205190886541958e-16
6730.0 1.237166425863514e-16
6750.0 1.222557070680672e-16
6770.0 1.2214778013582622e-16
6790.0 1.2155735434846322e-16
6810.0 1.2071105226561555e-16
6830.0 1.21521509605581e-16
6850.0 1.186363676612415e-16
6870.0 1.1980002852316267e-16
6890.0 1.199001810909034e-16
6910.0 1.1902592546945759e-16
6930.0 1.1845227836057634e-16
6950.0 1.1784839482290763e-16
6970.0 1.1783389497599462e-16
6990.0 1.1722213070422892e-16
7010.0 1.1396476062454067e-16
7030.0 1.156943694215671e-16
7050.0 1.1609809614601603e-16
7070.0 1.1486891228199605e-16
7090.0 1.1432993751160536e-16
7110.0 1.1466540161629083e-16
7130.0 1.1265651425153262e-16
7150.0 1.1177627369791052e-16
7170.0 1.1186137913228368e-16
7190.0 1.0867575482439214e-16
7210.0 1.1073187887240193e-16
7230.0 1.1104245931491498e-16
7250.0 1.11287095438404e-16
7270.0 1.1080917664225747e-16
7290.0 1.077268872083954e-16
7310.0 1.0944393274767196e-16
7330.0 1.0878872638957397e-16
7350.0 1.0904488481926964e-16
7370.0 1.0916285074590441e-16
7390.0 1.0642706411715663e-16
7410.0 1.0509524144195434e-16
7430.0 1.062675073170359e-16
7450.0 1.0629725272413758e-16
7470.0 1.0693671831313719e-16
7490.0 1.058216036528963e-16
7510.0 1.0583990001483436e-16
7530.0 1.0585843492951988e-16
7550.0 1.0593012111265433e-16
7570.0 1.0477895321616376e-16
7590.0 1.0447782622481508e-16
7610.0 1.0381069017430127e-16
7630.0 1.0420252568151298e-16
7650.0 1.037519701637839e-16
7670.0 1.0086256535994076e-16
7690.0 1.0290874063115362e-16
7710.0 1.015683147412246e-16
7730.0 1.0155721637090026e-16
7750.0 1.0025314576391624e-16
7770.0 1.0183088161810296e-16
7790.0 1.0147426038471152e-16
7810.0 1.0080430023222849e-16
7830.0 9.963020793249598e-17
7850.0 9.952040511268985e-17
7870.0 1.0007178212131997e-16
7890.0 9.924709481180258e-17
7910.0 9.766931843057824e-17
7930.0 9.58336217400262e-17
7950.0 9.569141219583323e-17
7970.0 9.742108263216163e-17
7990.0 9.725826234729958e-17
8010.0 9.594971674064417e-17
8030.0 9.579599313236768e-17
8050.0 9.481191550727324e-17
8070.0 9.537012577260357e-17
8090.0 9.34208483125346e-17
8110.0 9.409900299918482e-17
8130.0 9.447205235330262e-17
8150.0 9.383868319043744e-17
8170.0 9.355270404167419e-17
8190.0 9.058174362937677e-17
8210.0 9.092645446170253e-17
8230.0 9.074820880477485e-17
8250.0 9.151535713616248e-17
8270.0 9.2103153997552e-17
8290.0 9.147921350756098e-17
8310.0 8.950771229666959e-17
8330.0 8.89399418084264e-17
8350.0 8.928940565336649e-17
8370.0 8.963381168985484e-17
8390.0 8.756353690919715e-17
8410.0 8.918669268017182e-17
8430.0 8.729262493023084e-17
8450.0 8.797352553136698e-17
8470.0 8.717501372063627e-17
8490.0 8.629302017512788e-17
8510.0 8.235516258980208e-17
8530.0 8.478386887419144e-17
8550.0 7.32511517061568e-17
8570.0 8.661183848310882e-17
8590.0 8.504518074986305e-17
8610.0 8.484801485800218e-17
8630.0 8.54422570031186e-17
8650.0 8.425668207500137e-17
8670.0 7.319040506199573e-17
8690.0 8.209139597972071e-17
8710.0 8.347254855514251e-17
8730.0 8.321978240786661e-17
8750.0 8.191967967674965e-17
8770.0 8.322149348750285e-17
8790.0 8.248886324369128e-17
8810.0 8.021803676445969e-17
8830.0 8.165960423169739e-17
8850.0 8.16760889716881e-17
8870.0 7.95569505313279e-17
8890.0 8.16050947791635e-17
8910.0 8.171055674449566e-17
8930.0 8.004866977141888e-17
8950.0 7.992803715313333e-17
8970.0 7.995942758794604e-17
8990.0 8.008096018396119e-17
9010.0 7.620586298271132e-17
9030.0 7.866588468069505e-17
9050.0 7.979653137959602e-17
9070.0 7.84842508095426e-17
9090.0 7.629795447348344e-17
9110.0 7.682951099062252e-17
9130.0 7.80402516144822e-17
9150.0 7.681336099034117e-17
9170.0 7.61409716664914e-17
9190.0 7.63248943540592e-17
9210.0 7.43049708898101e-17
9230.0 7.313357966337642e-17
9250.0 7.348464286435642e-17
9270.0 7.447959544600438e-17
9290.0 7.42787923413673e-17
9310.0 7.47259654203728e-17
9330.0 7.426432692309496e-17
9350.0 7.382316306554107e-17
9370.0 7.340988258942211e-17
9390.0 7.318999873557532e-17
9410.0 7.040672552214382e-17
9430.0 7.213282434740164e-17
9450.0 7.106505576141275e-17
9470.0 7.218680981486968e-17
9490.0 7.218379244741425e-17
9510.0 7.179135703649761e-17
9530.0 7.111419007525045e-17
9550.0 6.917613398564177e-17
9570.0 7.046496969731043e-17
9590.0 7.100743193525922e-17
9610.0 7.026259889055025e-17
9630.0 6.965492366160524e-17
9650.0 6.912124246212605e-17
9670.0 6.886626983764397e-17
9690.0 6.94902868499754e-17
9710.0 6.904974224384401e-17
9730.0 6.886256588516058e-17
9750.0 6.813311938322578e-17
9770.0 6.817815258558466e-17
9790.0 6.754328820556603e-17
9810.0 6.811665772628838e-17
9830.0 6.768092061364037e-17
9850.0 6.773129408160658e-17
9870.0 6.71112892872315e-17
9890.0 6.694658135723364e-17
9910.0 6.645823600617889e-17
9930.0 6.695487423403517e-17
9950.0 6.664528719312318e-17
9970.0 6.648823394167976e-17
9990.0 6.612511401413987e-17
10025.0 6.546345761978551e-17
10075.0 6.431957457190122e-17
10125.0 6.442166689832611e-17
10175.0 6.327826080352933e-17
10225.0 6.307092222787215e-17
10275.0 6.286180265440683e-17
10325.0 6.17352116573982e-17
10375.0 6.120757151844476e-17
10425.0 6.106491892224432e-17
10475.0 6.008664887588008e-17
10525.0 5.991499052315537e-17
10575.0 5.907461606205364e-17
10625.0 5.848466348098517e-17
10675.0 5.717001426518735e-17
10725.0 5.724314138070181e-17
10775.0 5.645038102567742e-17
10825.0 5.5214094697110795e-17
10875.0 5.498848169461442e-17
10925.0 5.4195815962960214e-17
10975.0 5.300469697509275e-17
11025.0 5.312085946512185e-17
11075.0 5.315244116900246e-17
11125.0 5.253811213150612e-17
11175.0 5.218925942619982e-17
11225.0 5.199327147376419e-17
11275.0 5.0845781547488444e-17
11325.0 5.095938810788054e-17
11375.0 5.030171202932709e-17
11425.0 4.972166518971737e-17
11475.0 5.009803475015348e-17
11525.0 4.973552420524482e-17
11575.0 4.898576545322219e-17
11625.0 4.8188436974433635e-17
11675.0 4.805432144517829e-17
11725.0 4.828181548506484e-17
11775.0 4.7186202863210113e-17
11825.0 4.658299547350285e-17
11875.0 4.623611124137835e-17
11925.0 4.6787302921290516e-17
11975.0 4.482581702106173e-17
12025.0 4.530656636625361e-17
12075.0 4.4693329584765415e-17
12125.0 4.476864827855903e-17
12175.0 4.4871686220862906e-17
12225.0 4.448843828571479e-17
12275.0 4.3916139944031446e-17
12325.0 4.3691818336256285e-17
12375.0 4.33307482123611e-17
12425.0 4.28445004606211e-17
12475.0 4.2755767054023374e-17
12525.0 4.2265820333567777e-17
12575.0 4.198028713022443e-17
12625.0 4.16389396851454e-17
12675.0 4.113182675794067e-17
12725.0 4.106757244820183e-17
12775.0 4.0770045598501033e-17
12825.0 3.8587758804530804e-17
12875.0 3.991767133296329e-17
12925.0 3.9500744757414624e-17
12975.0 3.95291792259509e-17
13025.0 3.8980071281680555e-17
13075.0 3.8944117381769314e-17
13125.0 3.814419876094406e-17
13175.0 3.786712037502403e-17
13225.0 3.801334381102171e-17
13275.0 3.7312863142049206e-17
13325.0 3.727571040643452e-17
13375.0 3.695877259082118e-17
13425.0 3.69358581576585e-17
13475.0 3.6597850650760596e-17
13525.0 3.6371827769707245e-17
13575.0 3.570308390444874e-17
13625.0 3.557504601879952e-17
13675.0 3.535846258936216e-17
13725.0 3.517956472105165e-17
13775.0 3.49022092804527e-17
13825.0 3.4729191810500776e-17
13875.0 3.44657988909513e-17
13925.0 3.4266631206603704e-17
13975.0 3.3977385993294605e-17
14025.0 3.3504546473185104e-17
14075.0 3.3412035030626034e-17
14125.0 3.276289700692703e-17
14175.0 3.287685583323632e-17
14225.0 3.215320877392088e-17
14275.0 3.156541467085924e-17
14325.0 3.2032787874298054e-17
14375.0 3.204235872135631e-17
14425.0 3.089419092499302e-17
14475.0 3.151210663350861e-17
14525.0 3.076070360002928e-17
14570.0 3.0811482483462683e-17
14620.0 3.0654727738307806e-17
14675.0 3.04309761188425e-17
14725.0 2.9830850430373646e-17
14775.0 2.9769570825225986e-17
14825.0 2.966804488740264e-17
14875.0 2.8771680310538944e-17
14925.0 2.962600044655734e-17
14975.0 2.9136468454520375e-17
15025.0 2.8006973469335043e-17
15075.0 2.812855423203779e-17
15125.0 2.860674311356988e-17
15175.0 2.8563855487718633e-17
15225.0 2.80219174090828e-17
15275.0 2.8129159225182203e-17
15325.0 2.785029359639996e-17
15375.0 2.7701802206901924e-17
15425.0 2.7590979917833463e-17
15475.0 2.7393894452895886e-17
15525.0 2.6958572626321695e-17
15575.0 2.6748516340626343e-17
15625.0 2.689405945986231e-17
15675.0 2.620211912514716e-17
15725.0 2.624968370538488e-17
15775.0 2.5094854469961876e-17
15825.0 2.5606992267855733e-17
15875.0 2.4706222385555737e-17
15925.0 2.517049628068128e-17
15975.0 2.5166796279183572e-17
16050.0 2.490229535374888e-17
16150.0 2.434521673681045e-17
16250.0 2.4280995569492264e-17
16350.0 2.366714370984961e-17
16450.0 2.309233189273681e-17
16550.0 2.307720391180012e-17
16650.0 2.262889739105329e-17
16750.0 2.1875368310425767e-17
16850.0 2.1230791259175276e-17
16950.0 2.146620792747614e-17
17050.0 2.0763505541932014e-17
17150.0 2.036799137166046e-17
17250.0 1.984751764378977e-17
17350.0 1.8932432394534338e-17
17450.0 1.904441491384084e-17
17550.0 1.887492101537053e-17
17650.0 1.8492765789020358e-17
17750.0 1.8102323603364805e-17
17850.0 1.785387411950287e-17
17950.0 1.7519022622068068e-17
18050.0 1.7094413808213797e-17
18150.0 1.6342132374910165e-17
18250.0 1.630515479895131e-17
18350.0 1.6105934154925332e-17
18450.0 1.5652516357041635e-17
18550.0 1.5510159741319234e-17
18650.0 1.5066214202360686e-17
18750.0 1.4194501319285933e-17
18850.0 1.4579198154151918e-17
18950.0 1.4020844379409406e-17
19050.0 1.4139632786722385e-17
19150.0 1.3822831187820436e-17
19250.0 1.3590167286430733e-17
19350.0 1.321161330765226e-17
19450.0 1.2555021238532342e-17
19550.0 1.2834220807319209e-17
19650.0 1.2584615284702396e-17
19750.0 1.2291467664452732e-17
19850.0 1.2152729345774244e-17
19950.0 1.193663271056392e-17
20050.0 1.1807324186540326e-17
20150.0 1.16552287989944e-17
20250.0 1.1332431701820498e-17
20350.0 1.1064755427263779e-17
20450.0 1.1039845887228116e-17
20550.0 1.080267776681583e-17
20650.0 1.054347229691356e-17
20750.0 1.0419462490912395e-17
20850.0 1.0235011174902427e-17
20950.0 9.984600587635426e-18
21050.0 9.922912049139183e-18
21150.0 9.728728563424328e-18
21250.0 9.55942969677787e-18
21350.0 9.422103769480536e-18
21450.0 9.279800510214101e-18
21550.0 9.115367997886764e-18
21650.0 8.638041025849996e-18
21750.0 8.722388478024888e-18
21850.0 8.612012247241785e-18
21950.0 8.54252665425063e-18
22050.0 8.302697408187977e-18
22150.0 8.264275564829768e-18
22250.0 8.102455598260979e-18
22350.0 7.971849107941684e-18
22450.0 7.847614632057807e-18
22550.0 7.706987780176524e-18
22650.0 7.56868769440848e-18
22750.0 7.49420457866943e-18
22850.0 7.311597174591036e-18
22950.0 7.106649131997147e-18
23050.0 7.088756230828165e-18
23150.0 6.971836235939724e-18
23250.0 6.707321598037634e-18
23350.0 6.6842416137330365e-18
23450.0 6.654875958277932e-18
23550.0 6.358550289512984e-18
23650.0 6.4047533294891155e-18
23750.0 6.280121499369859e-18
23850.0 6.048368778349412e-18
23950.0 6.09643265537266e-18
24050.0 6.024378450181121e-18
24150.0 5.80037787030783e-18
24250.0 5.8007990125167224e-18
24350.0 5.7300599680750445e-18
24450.0 5.60129897987062e-18
24550.0 5.469872133297419e-18
24650.0 5.497713405067613e-18
24750.0 5.361771190933348e-18
24850.0 5.2212199232378834e-18
24950.0 5.240183702435671e-18
25050.0 5.177052430291814e-18
25150.0 5.054499801892815e-18
25250.0 5.0333944643757904e-18
25350.0 4.959082511078284e-18
25450.0 4.8485467451489206e-18
25550.0 4.792950379135263e-18
25650.0 4.7303876302145084e-18
25750.0 4.7052884084060314e-18
25850.0 4.552772878695372e-18
25950.0 4.550605315730517e-18
26050.0 4.504427100071583e-18
26150.0 4.424577044866969e-18
26250.0 4.2347094957192666e-18
26350.0 4.2900652522057125e-18
26450.0 4.227305349666119e-18
26550.0 4.173418921470271e-18
26650.0 4.092732580629637e-18
26750.0 4.0845548430617076e-18
26850.0 4.045984353028083e-18
26950.0 3.9828222999142336e-18
27050.0 3.936488356535154e-18
27150.0 3.878924970469375e-18
27250.0 3.8291473721790855e-18
27350.0 3.7770233335062114e-18
27450.0 3.736862991785597e-18
27550.0 3.663493937128975e-18
27650.0 3.6174437212153834e-18
27750.0 3.5765709847827955e-18
27850.0 3.5342425592655776e-18
27950.0 3.495948735004589e-18
28050.0 3.4476100509150444e-18
28150.0 3.404797723419875e-18
28250.0 3.359718287889375e-18
28350.0 3.3229237368129075e-18
28450.0 3.2659251762446104e-18
28550.0 3.2307838115300155e-18
28650.0 3.1836021085087704e-18
28750.0 3.123001186466625e-18
28850.0 3.1051278180885747e-18
28950.0 3.070036886769433e-18
29050.0 3.0295619630035014e-18
29150.0 2.9932282425466134e-18
29250.0 2.9370617775978486e-18
29350.0 2.9152237996377382e-18
29450.0 2.871682822560846e-18
29550.0 2.8423021845201367e-18
29650.0 2.8071843256388755e-18
29750.0 2.7724727857155114e-18
29850.0 2.7386598298545466e-18
29950.0 2.6980993830657307e-18
30050.0 2.664316864330489e-18
30150.0 2.638060822190886e-18
30250.0 2.601016249607495e-18
30350.0 2.5452882350309755e-18
30450.0 2.5282070269903183e-18
30550.0 2.5071979343015517e-18
30650.0 2.4719262514540796e-18
30750.0 2.4503185242808087e-18
30850.0 2.410904382285997e-18
30950.0 2.3833651886575528e-18
31050.0 2.361940843308691e-18
31150.0 2.3098530682423737e-18
31250.0 2.3029154971602514e-18
31350.0 2.2742102059750594e-18
31450.0 2.2500480137408542e-18
31550.0 2.212652057170085e-18
31650.0 2.192464735179351e-18
31750.0 2.1660448116569134e-18
31850.0 2.141753971028369e-18
31950.0 2.120512231939709e-18
32100.0 2.079352336154398e-18
32300.0 2.0307998702440264e-18
32500.0 1.984036506175343e-18
32700.0 1.937925654673495e-18
32900.0 1.8783951634127223e-18
33100.0 1.8454968351982346e-18
33300.0 1.8021729844177927e-18
33500.0 1.7679947918515512e-18
33700.0 1.727050743965616e-18
33900.0 1.6839231689639596e-18
34100.0 1.64574011229023e-18
34300.0 1.6174852573848321e-18
34500.0 1.5826648184191912e-18
34700.0 1.548017425399594e-18
34900.0 1.5153718991752172e-18
35100.0 1.483004215858197e-18
35300.0 1.4481236085286514e-18
35500.0 1.4204325413005168e-18
35700.0 1.387816060261687e-18
35900.0 1.3579767105716296e-18
36100.0 1.3340419782557449e-18
36300.0 1.3052753823172896e-18
36500.0 1.272106189705757e-18
36700.0 1.2457308532859605e-18
36900.0 1.214613223814659e-18
37100.0 1.1893995890950057e-18
37300.0 1.1691380537117943e-18
37500.0 1.133836253142625e-18
37700.0 1.1242373921230044e-18
37900.0 1.1017447154246306e-18
38100.0 1.0808264628671807e-18
38300.0 1.0624099802023586e-18
38500.0 1.0424678442592192e-18
38700.0 1.0194233393831398e-18
38900.0 9.984458044660222e-19
39100.0 9.825668767969403e-19
39300.0 9.631477803203672e-19
39500.0 9.40755225880978e-19
39700.0 9.25722777814101e-19
39900.0 9.020366885197237e-19
40100.0 8.879816381741148e-19
40300.0 8.742151870278904e-19
40500.0 8.498561255516118e-19
40700.0 8.393382757074284e-19
40900.0 8.250926286723468e-19
41100.0 8.105555827008323e-19
41300.0 7.969401233700357e-19
41500.0 7.800785880631582e-19
41700.0 7.667856896329534e-19
41900.0 7.523890636031015e-19
42100.0 7.341536895842342e-19
42300.0 7.276451491154499e-19
42500.0 7.122375883929089e-19
42700.0 7.01293511391708e-19
42900.0 6.745736506864523e-19
43100.0 6.5489712823477e-19
43300.0 6.501150514278155e-19
43500.0 6.244111967813065e-19
43700.0 6.116231066793418e-19
43900.0 6.06217278996879e-19
44100.0 5.784031709556485e-19
44300.0 5.756622512689755e-19
44500.0 5.680806698797139e-19
44700.0 5.451591466056184e-19
44900.0 5.450190247097358e-19
45100.0 5.349010579064029e-19
45300.0 5.162857304221497e-19
45500.0 5.143564376133267e-19
45700.0 5.0855261655497645e-19
45900.0 4.90460571072262e-19
46100.0 4.890823213552052e-19
46300.0 4.805900720710409e-19
46500.0 4.71441067862693e-19
46700.0 4.666869419960722e-19
46900.0 4.606168368229663e-19
47100.0 4.520575533055011e-19
47300.0 4.491319571617986e-19
47500.0 4.405423281705479e-19
47700.0 4.3313976696468312e-19
47900.0 4.270511861082007e-19
48100.0 4.1838608758400612e-19
48300.0 4.1658449684174237e-19
48500.0 4.085739461920786e-19
48700.0 4.0150861484237706e-19
48900.0 3.963369724203585e-19
49100.0 3.900879104569126e-19
49300.0 3.8444114186745936e-19
49500.0 3.7818025747222536e-19
49700.0 3.730194462391113e-19
49900.0 3.68000715155184e-19
50100.0 3.6070198852551515e-19
50300.0 3.580601604172313e-19
50500.0 3.5072165272733427e-19
50700.0 3.4634655357082774e-19
50900.0 3.42122238111366e-19
51100.0 3.357232834848041e-19
51300.0 3.3156490064259365e-19
51500.0 3.2691863320480315e-19
51700.0 3.242554308483512e-19
51900.0 3.1786331742209633e-19
52100.0 3.129974028000059e-19
52300.0 3.0843141476380386e-19
52500.0 3.053743134601219e-19
52700.0 3.0202011573643172e-19
52900.0 2.955125278703648e-19
53100.0 2.922684639259541e-19
53300.0 2.882690919435807e-19
53500.0 2.8453025229012404e-19
53700.0 2.803494631685236e-19
53900.0 2.771328980068381e-19
54100.0 2.732570323142591e-19
54300.0 2.6816701857425086e-19
54500.0 2.659505188467759e-19
54700.0 2.6186006014342507e-19
54900.0 2.581539381712152e-19
55100.0 2.551773085755522e-19
55300.0 2.5289722120384427e-19
55500.0 2.47684297101417e-19
55700.0 2.4618295361041567e-19
55900.0 2.413879526886177e-19
56100.0 2.3876741353601683e-19
56300.0 2.351967204078619e-19
56500.0 2.3322979624845946e-19
56700.0 2.3014213333396873e-19
56900.0 2.259767629429407e-19
57100.0 2.242021185464079e-19
57300.0 2.2121899967780636e-19
57500.0 2.182928094573282e-19
57700.0 2.1525843918522534e-19
57900.0 2.1296457321620105e-19
58100.0 2.0974919299133993e-19
58300.0 2.0724602834345854e-19
58500.0 2.048948903949584e-19
58700.0 2.0175637187834509e-19
58900.0 1.9896743689056086e-19
59100.0 1.9681805692264613e-19
59300.0 1.9452021164813362e-19
59500.0 1.9151155093405386e-19
59700.0 1.8985537911981688e-19
59900.0 1.8744725751191076e-19
60100.0 1.849580260535602e-19
60300.0 1.827975237826892e-19
60500.0 1.8034158893096393e-19
60700.0 1.7806197642913374e-19
60900.0 1.7568784741855038e-19
61100.0 1.7317809697089508e-19
61300.0 1.7158698349346976e-19
61500.0 1.6960635314431546e-19
61700.0 1.6757496443654352e-19
61900.0 1.6561289217510369e-19
62100.0 1.6363315956131325e-19
62300.0 1.6107427543774025e-19
62500.0 1.5923352336626537e-19
62700.0 1.5739703053597905e-19
62900.0 1.5566649459640037e-19
63100.0 1.5345626866889953e-19
63300.0 1.5215874845063742e-19
63500.0 1.5015175110409598e-19
63700.0 1.4846874982380742e-19
63900.0 1.465082648804451e-19
64200.0 1.440654539727985e-19
64600.0 1.4049114303399527e-19
65000.0 1.3717134374017432e-19
65400.0 1.3414979429408957e-19
65800.0 1.310942870161859e-19
66200.0 1.279699656758195e-19
66600.0 1.2510247497989217e-19
67000.0 1.2217061866739347e-19
67400.0 1.1929932122568006e-19
67800.0 1.1668347072792748e-19
68200.0 1.140456250311751e-19
68600.0 1.1151244358702679e-19
69000.0 1.0899447151290545e-19
69400.0 1.0652880239274358e-19
69800.0 1.0424259983537198e-19
70200.0 1.0179095259061005e-19
70600.0 9.969473916480843e-20
71000.0 9.753273266520608e-20
71400.0 9.540748151663836e-20
71800.0 9.334594180544829e-20
72200.0 9.133436557544206e-20
72600.0 8.936810262395209e-20
73000.0 8.751816507015251e-20
73400.0 8.559689898635419e-20
73800.0 8.38614259990779e-20
74200.0 8.204782505763283e-20
74600.0 8.015409531182298e-20
75000.0 7.864093997986953e-20
75400.0 7.707192484614277e-20
75800.0 7.553153122879865e-20
76200.0 7.398372637630674e-20
76600.0 7.249145517469428e-20
77000.0 7.09733140552077e-20
77400.0 6.96005113123858e-20
77800.0 6.821222000956373e-20
78200.0 6.685445187232444e-20
78600.0 6.55308296835263e-20
79000.0 6.423910722771815e-20
79400.0 6.297710138548404e-20
79800.0 6.174973844073222e-20
80200.0 6.051723355081767e-20
80600.0 5.933498656383145e-20
81000.0 5.823714166017672e-20
81400.0 5.705805880285091e-20
81800.0 5.601146651312012e-20
82200.0 5.49745365574017e-20
82600.0 5.392879103369025e-20
83000.0 5.2921361878739864e-20
83400.0 5.1889577867856085e-20
83800.0 5.094507356216531e-20
84200.0 5.002116457104223e-20
84600.0 4.9099909570219774e-20
85000.0 4.819991844727507e-20
85400.0 4.731581155460632e-20
85800.0 4.645940893364321e-20
86200.0 4.5610805348293004e-20
86600.0 4.4799708517187104e-20
87000.0 4.399682669305421e-20
87400.0 4.320438430520872e-20
87800.0 4.2436117901694396e-20
88200.0 4.1660419257646926e-20
88600.0 4.092773037775532e-20
89000.0 4.0205364416489404e-20
89400.0 3.9523351474262e-20
89800.0 3.880748881102401e-20
90200.0 3.815221250681794e-20
90600.0 3.751895197601289e-20
91000.0 3.6838060808391305e-20
91400.0 3.621474021833807e-20
91800.0 3.56157126217861e-20
92200.0 3.501938228031239e-20
92600.0 3.442364334048289e-20
93000.0 3.385234894665499e-20
93400.0 3.3274166899233574e-20
93800.0 3.272085903169771e-20
94200.0 3.21868133635156e-20
94600.0 3.164161122321406e-20
95000.0 3.1132182694720226e-20
95400.0 3.061639896094949e-20
95800.0 3.011007355314522e-20
96200.0 2.962461872385613e-20
96600.0 2.913752320220683e-20
97000.0 2.8682156134265866e-20
97400.0 2.818421995857983e-20
97800.0 2.7736484809021544e-20
98200.0 2.732292614070496e-20
98600.0 2.6890293090798758e-20
99000.0 2.6461005607550115e-20
99400.0 2.6030495462293548e-20
99800.0 2.5640154752168442e-20
100200.0 2.524005009723877e-20
200000.0 1.6338384502182912e-21
400000.0 1.0244526066746745e-22
600000.0 2.0134678964664483e-23
800000.0 6.333816910753793e-24
1000000.0 2.5797213723657e-24
1200000.0 1.2375754492661606e-24
1400000.0 6.647427993399231e-25
1600000.0 3.8792827489887924e-25
